 932
n     0   1    7825  -9.99849999999860E+0001
n     1   1   14102  -1.50000000000148E-0002
b     2   1   16049   3.87450000000000E+0008
n     1   2   16029  -1.38000000000194E-0004
n     2   2    2603  -9.99998599999817E+0001
n     3   3   15121  -7.50000000000000E+0000
n     4   3   16003  -9.25000000000000E+0001
b     5   3   22486   8.40000000000146E-0001
e     3   4   16928   4.60512000000000E+0006
a     4   4    5305   7.00000000001199E-0017
n     5   4   12182  -1.00000000000000E+0002
b     6   4   13534   5.04000000000000E+0013
b     7   4   21658   1.38000000000029E+0001
e     3   5   24606   7.69999999999527E-0001
a     4   5   13329   8.50000000000004E-0019
n     5   5   12937  -1.97999999999884E+0001
n     6   5    9305  -8.01999999999534E+0001
b     7   5   14353   2.03999999999951E-0002
b     8   5   17780   1.73999999999808E-0002
e     3   6   31039   1.30000000000109E-0001
e     4   6   16856   1.92000000000116E+0001
e     5   6   11433   1.22400000000000E+0003
n     6   6       0  -9.88900000000140E+0001
n     7   6    3355  -1.11000000000058E+0000
b     8   6    3242   1.80495000000000E+0011
b     9   6   10599   2.45000000000073E+0000
e     5   7   18613   1.09999999999957E-0002
e     6   7    5739   5.97599999999627E+0002
n     7   7    3074  -9.96300000000047E+0001
n     8   7     109  -3.65999999999985E-0001
b     9   7    6100   7.12999999999738E+0000
b    10   7    8450   4.16999999999825E+0000
b    11   7   14081   6.30000000000109E-0001
e     6   8    8595   7.10000000000000E+0001
e     7   8    3065   1.22000000000000E+0002
n     8   8  994915  -9.97600000000093E+0001
n     9   8  999131  -3.80000000000678E-0002
n    10   8  999160  -2.03999999999951E-0001
b    11   8    3577   2.68999999999942E+0001
b    12   8    4076   1.35000000000000E+0001
e     8   9    2095   6.45000000000000E+0001
e     9   9     937   6.60000000000000E+0003
n    10   9  998403  -1.00000000000000E+0002
b    11   9  999981   1.10000000000000E+0001
b    12   9  999948   4.30000000000291E+0000
b    13   9    3030   4.19999999999709E+0000
b    14   9    3600   2.20000000000073E+0000
e     7  10   17690   1.10000000000014E-0001
e     8  10    5710   1.70000000000073E+0000
e     9  10    1880   1.72999999999884E+0001
n    10  10  992436  -9.05100000000093E+0001
n    11  10  993843  -2.69999999999982E-0001
n    12  10  991383  -9.22000000000116E+0000
b    13  10  994465   3.75999999999767E+0001
b    14  10  993613   2.04000000000000E+0002
b    15  10  997690   6.00000000000364E-0001
e     9  11    7344   4.50000000000273E-0001
e    10  11  997651   2.25000000000000E+0001
e    11  11  994434   8.19000000000000E+0007
n    12  11  989768  -1.00000000000000E+0002
b    13  11  990961   5.40000000000000E+0004
b    14  11  989953   6.00000000000000E+0001
b    15  11  992586   1.10000000000036E+0000
b    16  11  993940   3.00000000000182E-0001
e     9  12   11716   1.23000000000047E-0001
e    10  12  999574   3.86000000000058E+0000
e    11  12  994124   1.13000000000029E+0001
n    12  12  985042  -7.89899999999907E+0001
n    13  12  985837  -1.00000000000000E+0001
n    14  12  982594  -1.10099999999948E+0001
b    15  12  984341   5.67599999999627E+0002
b    16  12  983877   7.56000000000000E+0004
b    17  12  988480   1.39999999999964E+0000
e    11  13  999941   2.06999999999971E+0000
e    12  13  990429   7.18000000000029E+0000
e    13  13  986892   2.26800000000000E+0013
n    14  13  981539  -1.00000000000000E+0002
b    15  13  981910   1.34400000000140E+0002
b    16  13  980446   3.96000000000000E+0002
b    17  13  982940   3.70000000000073E+0000
e    12  14  992330   2.20999999999913E+0000
e    13  14  986704   4.30000000000291E+0000
n    14  14  976927  -9.22299999999814E+0001
n    15  14  976495  -4.66999999999825E+0000
n    16  14  973770  -3.09999999999854E+0000
b    17  14  975362   9.43200000000000E+0003
b    18  14  974148   3.30750000000000E+0009
e    14  15  981803   4.09999999999854E+0000
e    15  15  978307   1.50000000000000E+0002
n    16  15  973762  -1.00000000000000E+0002
b    17  15  973907   1.23552000000000E+0006
b    18  15  971725   2.18592000000000E+0006
b    19  15  973636   1.23999999999942E+0001
e    14  16  984903   1.20000000000073E+0000
e    15  16  979554   2.59999999999854E+0000
n    16  16  972071  -9.50200000000186E+0001
n    17  16  971458  -7.50000000000000E-0001
n    18  16  967867  -4.20999999999913E+0000
b    19  16  969032   7.55136000000000E+0006
n    20  16  967081  -1.70000000000243E-0002
b    21  16  971126   3.00000000000000E+0002
b    22  16  971162   1.02000000000000E+0004
e    16  17  977452   2.50999999999840E+0000
e    17  17  973763   1.53000000000065E+0000
n    18  17  968853  -7.57699999999022E+0001
b    19  17  968307   9.45000000000000E+0012
n    20  17  965903  -2.42300000000105E+0001
b    21  17  968011   2.23800000000000E+0003
b    22  17  968005   3.36000000000000E+0003
b    23  17  970440   8.09999999998836E+0001
b    24  17  970590   3.10000000000000E+0001
e    16  18  980269   8.44000000000051E-0001
e    17  18  975256   1.78000000000065E+0000
n    18  18  967546  -3.37000000000444E-0001
e    19  18  966776   3.02400000000000E+0006
n    20  18  962732  -6.30000000001019E-0002
b    21  18  964314   8.47350000000000E+0009
n    22  18  962384  -9.95999999999767E+0001
b    23  18  964501   6.58800000000745E+0003
b    24  18  963050   1.03950000000000E+0009
b    25  18  965670   3.24000000000000E+0002
b    26  18  965365   7.14000000000000E+0002
e    18  19  973377   1.23000000000138E+0000
e    19  19  969080   4.56600000000093E+0002
n    20  19  963707  -9.32600000000093E+0001
b    21  19  963999   4.03200000000655E+0016
n    22  19  961825  -6.72999999999593E+0000
b    23  19  962402   4.46400000000000E+0004
b    24  19  960717   8.02800000000000E+0004
b    25  19  961560   1.32600000000000E+0003
b    26  19  960696   1.02000000000000E+0003
b    27  19  961976   1.15000000000000E+0002
b    28  19  961677   1.75000000000000E+0001
e    18  20  976318   4.40000000000055E-0001
e    19  20  970718   8.60000000000582E-0001
n    20  20  962591  -9.69400000000605E+0001
e    21  20  962278   3.15000000000000E+0012
n    22  20  958618  -6.46999999999935E-0001
n    23  20  958766  -1.35000000000218E-0001
n    24  20  955481  -2.09000000000015E+0000
b    25  20  956185   1.42560000000000E+0007
n    26  20  953689  -3.50000000000250E-0003
b    27  20  954543   3.92256000000000E+0005
n    28  20  952533  -1.87000000000126E-0001
b    29  20  955672   5.23200000000186E+0002
b    30  20  957519   1.40000000000000E+0001
e    21  21  965514   6.80000000000291E-0001
e    22  21  961150   1.40040000000000E+0004
e    23  21  959404   1.41480000000000E+0004
n    24  21  955910  -1.00000000000000E+0002
b    25  21  955170   7.24032000000763E+0006
b    26  21  952409   2.89440000000000E+0005
b    27  21  952235   1.57320000000000E+0005
b    28  21  950022   3.42000000000000E+0003
b    29  21  952186   1.02600000000093E+0002
e    21  22  968523   5.10000000000218E-0001
e    22  22  959690   1.70100000000000E+0009
e    23  22  958124   1.11240000000000E+0004
n    24  22  952629  -8.19999999999709E+0000
n    25  22  951764  -7.40000000000146E+0000
n    26  22  947947  -7.36999999999534E+0001
n    27  22  947871  -5.40000000000146E+0000
n    28  22  944792  -5.19999999999709E+0000
n    29  22  946616  -5.19999999999709E+0000
b    30  22  946898   1.02000000000000E+0002
b    31  22  949730   3.30000000000000E+0001
e    23  23  960198   4.20000000000073E-0001
e    24  23  954906   1.95599999999814E+0003
e    25  23  952257   1.38240000000000E+0006
e    26  23  948517   2.85120000000000E+0007
n    27  23  947161  -2.50000000000000E-0001
n    28  23  943962  -9.97500000000000E+0001
b    29  23  944778   2.25600000000093E+0002
b    30  23  944340   9.60000000000000E+0001
b    31  23  946442   5.00000000000000E+0001
e    22  24  968360   2.60000000000218E-0001
e    23  24  962905   5.10000000000218E-0001
e    24  24  954033   7.77600000000000E+0004
e    25  24  951338   2.51400000000000E+0003
n    26  24  946046  -4.35000000000582E+0000
e    27  24  944768   2.39328000000000E+0006
n    28  24  940510  -8.37899999999208E+0001
n    29  24  940651  -9.50000000000000E+0000
n    30  24  938882  -2.36000000000058E+0000
b    31  24  940842   2.10000000000000E+0002
b    32  24  940643   3.54000000000000E+0002
e    25  25  954240   2.80000000000200E-0001
e    26  25  948213   2.77200000000000E+0003
e    27  25  945568   4.82975999999523E+0005
e    28  25  941291   1.16550000000000E+0014
e    29  25  940361   2.69568000000000E+0007
n    30  25  938047  -1.00000000000000E+0002
b    31  25  938907   9.28800000000000E+0003
b    32  25  938285   9.60000000000000E+0001
b    33  25  940060   6.50000000000000E+0001
e    25  26  956825   2.50000000000000E-0001
e    26  26  948114   2.97720000000000E+0004
e    27  26  945310   5.10599999999627E+0002
n    28  26  939613  -5.80000000000291E+0000
e    29  26  938296   8.50500000000000E+0007
n    30  26  934939  -9.18000000000466E+0001
n    31  26  935396  -2.14999999999782E+0000
n    32  26  933277  -2.89999999999964E-0001
b    33  26  934877   3.85343999999619E+0006
b    34  26  934078   4.72500000000000E+0013
b    35  26  936748   3.60000000000000E+0002
b    36  26  936773   6.80000000000000E+0001
e    27  27  948460   1.90000000000055E-0001
e    28  27  942001   6.30000000000000E+0004
e    29  27  939841   6.80832000000763E+0006
e    30  27  936294   2.34144000000000E+0007
e    31  27  935755   6.11712000000763E+0006
n    32  27  933198  -1.00000000000000E+0002
b    33  27  933820   1.66005000000000E+0008
b    34  27  932478   5.94000000000000E+0003
b    35  27  934060   9.00000000000000E+0001
b    36  27  933614   2.75000000000000E+0001
e    27  28  951336   1.90000000000055E-0001
e    28  28  942134   5.27040000000000E+0005
e    29  28  939799   1.29600000000000E+0005
n    30  28  935346  -6.83000000000466E+0001
e    31  28  934349   2.36250000000000E+0012
n    32  28  930788  -2.61000000000058E+0001
n    33  28  931058  -1.13000000000102E+0000
n    34  28  928346  -3.59000000000015E+0000
b    35  28  929670   3.15000000000000E+0009
n    36  28  927968  -9.10000000000764E-0001
b    37  28  930086   9.07200000000000E+0003
b    38  28  929116   1.97280000000000E+0005
b    39  28  931570   2.10000000000000E+0001
e    30  29  939503   8.20000000000000E+0001
e    31  29  937376   1.40400000000000E+0003
e    32  29  933461   1.22760000000000E+0004
e    33  29  932586   5.83799999999814E+0002
n    34  29  929599  -6.91999999999534E+0001
e    35  29  929766   4.57200000000000E+0004
n    36  29  927793  -3.07999999999884E+0001
b    37  29  928872   3.06000000000000E+0002
b    38  29  927747   2.22840000000000E+0005
b    39  29  929620   3.10000000000000E+0001
e    31  30  939514   8.90000000000000E+0001
e    32  30  934332   3.31200000000000E+0004
e    33  30  933214   2.28600000000000E+0003
n    34  30  929145  -4.85999999999767E+0001
e    35  30  929243   2.10816000000000E+0007
n    36  30  926035  -2.78999999999942E+0001
n    37  30  927129  -4.09999999999854E+0000
n    38  30  924846  -1.87999999999884E+0001
b    39  30  926552   3.36000000000000E+0003
n    40  30  925325  -6.20000000000800E-0001
b    41  30  927727   1.44000000000000E+0002
b    42  30  926856   1.67400000000000E+0005
b    43  30  929780   2.40000000000000E+0001
e    33  31  936836   1.56000000000000E+0002
e    34  31  932738   9.12000000000000E+0002
e    35  31  931590   3.38400000000000E+0004
e    36  31  928204   2.81880000000000E+0005
e    37  31  927982   4.08600000000000E+0003
n    38  31  925580  -6.00999999999767E+0001
b    39  31  926028   1.26600000000000E+0003
n    40  31  924701  -3.99000000000233E+0001
b    41  31  926365   5.07600000000000E+0004
b    42  31  925169   1.75320000000000E+0004
b    43  31  926940   4.86000000000466E+0002
b    44  31  926499   1.25999999999884E+0002
e    34  32  933847   8.28000000000000E+0003
e    35  32  932737   1.14000000000000E+0003
e    36  32  928096   2.34144000000000E+0007
e    37  32  927969   1.40400000000000E+0005
n    38  32  924250  -2.05000000000000E+0001
e    39  32  924954   9.67680000000000E+0005
n    40  32  922079  -2.73999999999942E+0001
n    41  32  923463  -7.80000000000291E+0000
n    42  32  921177  -3.65000000000000E+0001
b    43  32  922858   4.96800000000000E+0003
n    44  32  921402  -7.80000000000291E+0000
b    45  32  923548   4.06800000000000E+0004
b    46  32  922853   5.21999999999255E+0003
b    47  32  925360   1.90000000000000E+0001
e    37  33  930929   3.18000000000000E+0003
e    38  33  927114   2.19600000000000E+0005
e    39  33  926755   9.36000000000000E+0004
e    40  33  923827   6.93792000000763E+0006
e    41  33  923928   1.53791999999809E+0006
n    42  33  921594  -1.00000000000000E+0002
b    43  33  922393   9.46800000000000E+0004
b    44  33  920466   1.39680000000000E+0005
b    45  33  921830   5.46000000000000E+0003
b    46  33  920946   5.40000000000000E+0002
e    37  34  932270   2.82000000000000E+0002
e    38  34  927110   7.25759999999046E+0005
e    39  34  926768   2.55600000000000E+0004
n    40  34  922475  -8.69999999999891E-0001
e    41  34  922522   1.03507200000000E+0007
n    42  34  919212  -9.00000000000000E+0000
n    43  34  919913  -7.59999999999854E+0000
n    44  34  917308  -2.35000000000000E+0001
b    45  34  918498   1.89000000000200E+0012
n    46  34  916520  -4.97999999999884E+0001
b    47  34  917991   1.11000000000000E+0003
n    48  34  916698  -9.19999999999709E+0000
b    49  34  919117   1.35000000000000E+0003
b    50  34  918463   1.98000000000000E+0002
e    41  35  924528   5.79600000000000E+0004
e    42  35  921378   2.05200000000000E+0005
e    43  35  921144   3.87600000000093E+0002
n    44  35  918336  -5.06900000000023E+0001
b    45  35  918528   1.05600000000000E+0003
n    46  35  916289  -4.93099999999977E+0001
b    47  35  916802   1.27080000000000E+0005
b    48  35  915179   8.60400000000000E+0003
b    49  35  916503   1.90800000000000E+0003
b    50  35  915612   1.74000000000000E+0002
e    39  36  931029   2.58000000000000E+0002
e    40  36  925959   5.32800000000000E+0004
e    41  36  924610   4.50000000000000E+0003
n    42  36  920396  -3.56000000000222E-0001
e    43  36  920084   1.26000000000000E+0005
n    44  36  916380  -2.27000000000044E+0000
e    45  36  916590   6.61500000000000E+0012
n    46  36  913482  -1.16000000000058E+0001
n    47  36  914135  -1.15000000000000E+0001
n    48  36  911507  -5.70000000000000E+0001
b    49  36  912531   3.37050000000000E+0008
n    50  36  910616  -1.72999999999884E+0001
b    51  36  913360   4.56000000000000E+0003
b    52  36  914453   1.02240000000000E+0004
b    53  36  917640   1.90800000000047E+0002
e    45  37  918195   7.50000000000000E+0001
e    46  37  915144   7.44767999999237E+0006
e    47  37  914390   2.84256000000381E+0006
n    48  37  911794  -7.21699999999255E+0001
b    49  37  911172   1.62431999999809E+0006
n    50  37  909187  -2.78299999999872E+0001
b    51  37  911326   1.06800000000000E+0003
b    52  37  912278   9.12000000000000E+0002
b    53  37  914811   1.53000000000000E+0002
e    43  38  923270   1.32000000000000E+0003
e    44  38  918414   2.16000000000000E+0006
e    45  38  917566   2.79936000000381E+0006
n    46  38  913430  -5.60000000000400E-0001
e    47  38  912937   5.59872000000763E+0006
n    48  38  909267  -9.80000000000291E+0000
n    49  38  908884  -7.00000000000000E+0000
n    50  38  905619  -8.25999999999767E+0001
b    51  38  907450   4.36320000000000E+0006
b    52  38  907738   9.07200000000000E+0008
b    53  38  910187   3.42000000000000E+0004
b    54  38  910944   9.72000000000000E+0003
b    55  38  913987   4.44000000000000E+0002
e    45  39  920310   2.34000000000000E+0003
e    46  39  916437   9.72000000000000E+0003
e    47  39  914893   5.29200000000000E+0004
e    48  39  910882   2.89080000000000E+0005
e    49  39  909508   9.21024000000000E+0006
n    50  39  905849  -1.00000000000000E+0002
b    51  39  907152   2.30760000000000E+0005
b    52  39  907303   5.05440000000000E+0006
b    53  39  908917   1.27440000000000E+0004
b    54  39  909571   3.67200000000000E+0004
b    55  39  911597   1.12200000000000E+0003
e    47  40  914817   5.76000000000000E+0003
e    48  40  910225   7.20576000000000E+0006
e    49  40  908890   2.82240000000000E+0005
n    50  40  904703  -5.15000000000000E+0001
n    51  40  905644  -1.11999999999971E+0001
n    52  40  905039  -1.71000000000058E+0001
b    53  40  906474   4.72500000000000E+0013
n    54  40  906315  -1.73999999999942E+0001
b    55  40  908042   5.52960000000000E+0006
n    56  40  908275  -2.79999999999927E+0000
b    57  40  910950   6.08400000000000E+0004
b    58  40  912735   3.10000000000000E+0001
e    48  41  913449   7.20000000000000E+0003
e    49  41  911263   5.25600000000000E+0004
e    50  41  906991   2.20500000000000E+0010
e    51  41  907192   1.10250000000000E+0015
n    52  41  906377  -1.00000000000000E+0002
b    53  41  907281   6.30000000000000E+0011
b    54  41  906835   3.02400000000000E+0006
b    55  41  908100   8.42400000000000E+0004
b    56  41  908097   4.32000000000000E+0003
e    48  42  913933   2.04120000000000E+0004
e    49  42  911755   9.30000000000000E+0002
n    50  42  906808  -1.48000000000029E+0001
e    51  42  906813   1.10250000000000E+0011
n    52  42  905085  -9.30000000000291E+0000
n    53  42  905841  -1.58999999999942E+0001
n    54  42  904679  -1.67000000000116E+0001
n    55  42  906021  -9.60000000000582E+0000
n    56  42  905407  -2.41000000000058E+0001
b    57  42  907711   2.37600000000000E+0005
n    58  42  907477  -9.60000000000582E+0000
b    59  42  910345   8.76000000000000E+0002
e    51  43  909654   1.75800000000000E+0004
e    52  43  907657   7.20000000000000E+0004
e    53  43  907870   3.71520000000477E+0005
e    54  43  906364   8.19000000000000E+0013
b    55  43  907215   1.32299999999872E+0014
b    56  43  906254   6.74100000000000E+0012
b    57  43  907657   1.58000000000029E+0001
e    50  44  911361   3.12000000000000E+0003
e    51  44  910414   5.94000000000000E+0003
n    52  44  907599  -5.50000000000000E+0000
e    53  44  907556   2.48832000000000E+0005
n    54  44  905287  -1.85000000000036E+0000
n    55  44  905939  -1.26999999999971E+0001
n    56  44  904219  -1.26000000000058E+0001
n    57  44  905582  -1.70000000000000E+0001
n    58  44  904348  -3.16000000000058E+0001
b    59  44  906323   3.40416000000381E+0006
n    60  44  905424  -1.87000000000116E+0001
b    61  44  907744   1.59840000000149E+0004
b    62  44  907321   3.21408000000000E+0007
b    63  44  910130   2.28000000000000E+0002
e    53  45  910716   5.22000000000000E+0002
e    54  45  908192   1.39104000000000E+0006
e    55  45  908116   7.48800000000000E+0004
e    56  45  906159   1.03950000000000E+0008
e    57  45  906814   9.13500000000000E+0007
n    58  45  905500  -1.00000000000000E+0002
b    59  45  906651   4.22999999999884E+0001
b    60  45  905686   1.27440000000119E+0005
b    61  45  907279   2.97999999999884E+0001
e    53  46  911763   1.28400000000000E+0003
e    54  46  908527   3.11040000000000E+0005
e    55  46  908287   3.06000000000000E+0004
n    56  46  905634  -1.00000000000000E+0000
e    57  46  906114   1.46880000000000E+0006
n    58  46  904029  -1.10000000000000E+0001
n    59  46  905079  -2.22000000000116E+0001
n    60  46  903478  -2.72999999999884E+0001
b    61  46  905127   2.04750000000000E+0014
n    62  46  903895  -2.67000000000116E+0001
b    63  46  905954   4.82400000000000E+0004
n    64  46  905167  -1.18000000000029E+0001
b    65  46  907660   1.38000000000000E+0003
b    66  46  907323   7.56000000000000E+0004
e    56  47  908980   3.94199999999627E+0003
e    57  47  908623   4.15200000000000E+0003
e    58  47  906520   3.56832000000000E+0006
e    59  47  906662   1.44000000000000E+0003
n    60  47  905092  -5.18300000000163E+0001
b    61  47  905952   1.44000000000000E+0002
n    62  47  904756  -4.81699999999837E+0001
b    63  47  906111   2.43999999999942E+0001
b    64  47  905295   6.43680000000000E+0005
b    65  47  907010   1.13040000000000E+0004
e    56  48  908851   3.48000000000000E+0003
e    57  48  909459   3.36000000000000E+0003
n    58  48  906461  -1.25000000000000E+0000
e    59  48  906613   2.34000000000000E+0004
n    60  48  904176  -8.90000000000327E-0001
e    61  48  904953   4.00032000000000E+0007
n    62  48  903005  -1.25000000000000E+0001
n    63  48  904182  -1.28000000000029E+0001
n    64  48  902757  -2.41000000000058E+0001
n    65  48  904400  -1.21999999999971E+0001
n    66  48  903357  -2.87000000000116E+0001
b    67  48  905430   1.92240000000000E+0005
n    68  48  904755  -7.50000000000000E+0000
b    69  48  907228   8.64000000000000E+0003
b    70  48  911700   3.01800000000000E+0003
e    61  49  907230   4.14600000000000E+0003
e    62  49  905109   2.44511999999762E+0005
e    63  49  905536   8.64000000000000E+0002
n    64  49  904061  -4.30000000000291E+0000
b    65  49  904916   7.19000000000233E+0001
n    66  49  903882  -9.56999999999534E+0001
b    67  49  905264   1.41000000000058E+0001
b    68  49  904517   2.62800000000000E+0003
e    59  50  911294   1.08000000000000E+0003
e    60  50  907858   1.47600000000000E+0004
e    61  50  907741   2.10000000000000E+0003
n    62  50  904826  -1.10000000000036E+0000
e    63  50  905176   9.94464000000000E+0006
n    64  50  902784  -7.60000000000218E-0001
n    65  50  903348  -3.80000000000109E-0001
n    66  50  901747  -1.46000000000058E+0001
n    67  50  902956  -7.75000000000000E+0000
n    68  50  901609  -2.42999999999884E+0001
n    69  50  903311  -8.60000000000582E+0000
n    70  50  902199  -3.24000000000233E+0001
b    71  50  904239   9.75600000000000E+0004
n    72  50  903440  -4.55999999999767E+0000
b    73  50  905722   1.11456000000000E+0007
n    74  50  905274  -5.63999999999942E+0000
b    75  50  907785   8.31168000000954E+0005
b    76  50  907654   3.15000000000000E+0012
b    77  50  910355   7.55999999999255E+0003
e    67  51  905534   2.16000000000000E+0002
e    68  51  903948   1.36800000000000E+0005
e    69  51  905077   9.48000000000000E+0002
n    70  51  903821  -5.72999999999884E+0001
b    71  51  905179   2.33280000000000E+0005
n    72  51  904216  -4.27000000000116E+0001
b    73  51  905938   5.20128000000000E+0006
b    74  51  905252   8.50500000000000E+0007
b    75  51  907250   1.07136000000000E+0006
b    76  51  906919   3.32640000000000E+0005
e    65  52  908630   3.72000000000000E+0003
e    66  52  905908   5.18400000000000E+0005
e    67  52  906411   5.76000000000000E+0004
n    68  52  904048  -9.10000000000082E-0002
e    69  52  904947   1.45151999999809E+0006
n    70  52  903050  -2.50000000000000E+0000
n    71  52  904271  -8.90000000000327E-0001
n    72  52  902818  -4.59999999999854E+0000
n    73  52  904429  -7.00000000000000E+0000
n    74  52  903310  -1.87000000000116E+0001
b    75  52  905221   3.38400000000000E+0004
n    76  52  904463  -3.17000000000116E+0001
b    77  52  906594   4.14000000000000E+0003
n    78  52  906229  -3.45000000000000E+0001
b    79  52  908528   1.50000000000000E+0003
b    80  52  908517   2.81520000000000E+0005
b    81  52  910910   7.50000000000000E+0002
e    70  53  905594   4.75200000000000E+0004
e    71  53  906207   3.61152000000000E+0005
e    72  53  904620   5.20128000000000E+0006
e    73  53  905624   1.12320000000000E+0006
n    74  53  904473  -1.00000000000000E+0002
b    75  53  905810   1.50000000000000E+0003
b    76  53  904986   5.04000000000000E+0014
b    77  53  906713   4.46400000000000E+0004
b    78  53  906114   6.94655999999046E+0005
b    79  53  907987   8.28000000000000E+0003
e    67  54  911450   2.40600000000000E+0003
e    68  54  908170   7.23600000000000E+0004
e    69  54  908469   7.48800000000745E+0003
n    70  54  905894  -9.60000000000036E-0002
e    71  54  906397   6.12000000000000E+0004
n    72  54  904281  -9.00000000000318E-0002
e    73  54  905182   3.14496000000381E+0006
n    74  54  903531  -1.92000000000007E+0000
n    75  54  904780  -2.63999999999942E+0001
n    76  54  903509  -4.09999999999854E+0000
n    77  54  905072  -2.12000000000116E+0001
n    78  54  904144  -2.68999999999942E+0001
b    79  54  905888   4.53600000000000E+0005
n    80  54  905395  -1.03999999999942E+0001
b    81  54  907130   3.27600000000298E+0004
n    82  54  907214  -8.89999999999418E+0000
b    83  54  911557   2.29199999999953E+0002
e    75  55  906753   1.75200000000000E+0003
e    76  55  905444   8.37216000000000E+0005
e    77  55  906431   5.59008000000000E+0005
n    78  55  905429  -1.00000000000000E+0002
b    79  55  906696   6.48900000000610E+0007
b    80  55  905885   9.45000000000000E+0013
b    81  55  907289   1.13184000000000E+0006
b    82  55  907073   9.51300000000000E+0008
b    83  55  911004   1.93200000000000E+0003
e    71  56  911130   7.62000000000000E+0002
e    72  56  908237   2.09952000000000E+0005
e    73  56  908642   7.92000000000000E+0003
n    74  56  906282  -1.05999999999995E-0001
e    75  56  906902   1.03680000000000E+0006
n    76  56  905042  -1.00999999999999E-0001
e    77  56  905988   3.37050000000000E+0008
n    78  56  904486  -2.42000000000189E+0000
n    79  56  905665  -6.58999999999651E+0000
n    80  56  904553  -7.85000000000582E+0000
n    81  56  905812  -1.11999999999971E+0001
n    82  56  905232  -7.16999999999534E+0001
b    83  56  908826   4.97400000000000E+0003
b    84  56  910581   1.09728000000000E+0006
b    85  56  914363   1.09800000000000E+0003
e    78  57  906953   7.02000000000000E+0004
e    79  57  907630   5.92200000000186E+0002
e    80  57  906460   1.89000000000200E+0012
n    81  57  907105  -8.90000000000555E-0002
n    82  57  906347  -9.99100000000326E+0001
b    83  57  909471   1.45080000000000E+0005
b    84  57  910896   1.40400000000000E+0004
b    85  57  914090   5.46600000000000E+0003
e    75  58  911360   1.94400000000000E+0004
e    76  58  908890   2.73600000000000E+0005
e    77  58  909117   6.33600000000000E+0004
n    78  58  907140  -1.90000000000055E-0001
e    79  58  907780   3.24000000000000E+0004
n    80  58  905985  -2.53999999999905E-0001
e    81  58  906631   1.18540800000000E+0007
n    82  58  905433  -8.85000000000000E+0001
b    83  58  908271   2.80800000000000E+0006
n    84  58  909241  -1.11000000000058E+0001
b    85  58  912383   1.18800000000000E+0005
b    86  58  913643   2.45376000000000E+0007
b    87  58  917230   1.78800000000279E+0002
e    79  59  910748   8.69999999998836E+0001
e    80  59  908917   1.58400000000000E+0004
e    81  59  909071   2.03399999999907E+0002
n    82  59  907647  -1.00000000000000E+0002
b    83  59  910039   6.91200000000000E+0004
b    84  59  910814   1.17504000000000E+0006
b    85  59  913301   1.03800000000000E+0003
e    79  60  911920   1.78200000000000E+0003
e    80  60  909306   2.91168000000000E+0005
e    81  60  909594   9.00000000000000E+0003
n    82  60  907719  -2.72000000000116E+0001
n    83  60  908810  -1.21999999999971E+0001
n    84  60  910083  -2.37999999999884E+0001
n    85  60  912570  -8.30000000000291E+0000
n    86  60  913113  -1.72000000000116E+0001
b    87  60  916097   9.50400000000000E+0005
n    88  60  916889  -5.69999999999709E+0000
b    89  60  920145   6.22800000000745E+0003
n    90  60  920887  -5.59999999999854E+0000
b    91  60  923825   7.44000000000000E+0002
b    92  60  924680   6.84000000000000E+0002
e    81  61  912970   4.05000000000000E+0001
e    82  61  910930   2.28960000000000E+0007
e    83  61  912588   3.01536000000000E+0007
e    84  61  912743   5.57550000000000E+0008
e    85  61  914708   1.73250000000000E+0008
b    86  61  915135   8.25300000000000E+0007
b    87  61  917473   4.63968000000000E+0005
b    88  61  918332   1.91160000000000E+0005
b    89  61  920981   9.64800000000000E+0003
e    80  62  915206   4.35000000000000E+0003
e    81  62  914626   5.29799999999814E+0002
n    82  62  911998  -3.09999999999854E+0000
e    83  62  913409   2.93760000000000E+0007
a    84  62  913053   3.24450000000205E+0015
n    85  62  914894  -1.51000000000058E+0001
n    86  62  914819  -1.13000000000029E+0001
n    87  62  917180  -1.38999999999942E+0001
n    88  62  917273  -7.40000000000146E+0000
b    89  62  919929   2.83500000000000E+0009
n    90  62  919728  -2.66000000000058E+0001
b    91  62  922094   1.68480000000000E+0005
n    92  62  922205  -2.26000000000058E+0001
b    93  62  924636   1.34400000000000E+0003
e    85  63  918125   4.70880000000000E+0006
e    86  63  917926   8.04384000000000E+0006
e    87  63  919702   1.13400000000000E+0009
n    88  63  919847  -4.79000000000233E+0001
e    89  63  921742   4.09500000000000E+0008
n    90  63  921225  -5.20999999999767E+0001
b    91  63  922975   2.67750000000000E+0008
b    92  63  922889   1.54350000000000E+0008
b    93  63  924752   1.29600000000000E+0006
b    94  63  925418   5.40000000000000E+0004
e    85  64  919344   8.12159999999046E+0005
a    86  64  918662   5.67000000000640E+0013
e    87  64  920346   1.03680000000000E+0007
n    88  64  919786  -2.00000000000045E-0001
e    89  64  921745   2.09088000000000E+0007
n    90  64  920861  -2.09999999999854E+0000
n    91  64  922618  -1.48000000000029E+0001
n    92  64  922118  -2.06000000000058E+0001
n    93  64  923956  -1.56999999999971E+0001
n    94  64  924099  -2.47999999999884E+0001
b    95  64  926384   6.69600000000000E+0004
n    96  64  927049  -2.17999999999884E+0001
b    97  64  929664   2.22000000000000E+0002
e    91  65  924742   4.61376000000477E+0005
e    92  65  924023   4.72500000000000E+0009
e    93  65  925411   4.72500000000000E+0009
n    94  65  925342  -1.00000000000000E+0002
b    95  65  927163   6.22944000000000E+0006
b    96  65  927566   5.96160000000000E+0005
b    97  65  929510   4.65599999999627E+0002
e    87  66  925769   2.30400000000000E+0004
a    88  66  924429   9.45000000000000E+0013
e    89  66  925747   3.60000000000000E+0004
n    90  66  924277  -5.70000000000164E-0002
e    91  66  925460   2.91600000000298E+0004
n    92  66  924403  -1.00000000000023E-0001
e    93  66  925735   1.24761599999847E+0007
n    94  66  925193  -2.29999999999927E+0000
n    95  66  926930  -1.98999999999942E+0001
n    96  66  926795  -2.55000000000000E+0001
n    97  66  928728  -2.48999999999942E+0001
n    98  66  929171  -2.81000000000058E+0001
b    99  66  931700   8.38800000000000E+0003
b   100  66  932803   2.93760000000000E+0005
e    95  67  929092   9.00000000000000E+0002
e    96  67  928731   1.03950000000000E+0009
e    97  67  930285   1.74000000000000E+0003
n    98  67  930319  -1.00000000000000E+0002
b    99  67  932281   9.64800000000000E+0004
b   100  67  933127   1.11600000000000E+0004
e    92  68  929080   1.02960000000000E+0005
e    93  68  929996   1.16640000000000E+0004
n    94  68  928775  -1.40000000000100E-0001
e    95  68  930030   4.50600000000000E+0003
n    96  68  929198  -1.55999999999949E+0000
e    97  68  930723   3.74400000000000E+0004
n    98  68  930290  -3.34000000000233E+0001
n    99  68  932046  -2.28999999999942E+0001
n   100  68  932368  -2.71000000000058E+0001
b   101  68  934588   8.12159999999046E+0005
n   102  68  935461  -1.48999999999942E+0001
b   103  68  938027   2.70720000000000E+0004
b   104  68  939353   1.77480000000000E+0005
e    97  69  933561   2.77200000000000E+0004
e    98  69  932848   7.99200000000000E+0005
e    99  69  934170   8.04384000000000E+0006
n   100  69  934212  -1.00000000000000E+0002
b   101  69  935798   1.11110400000153E+0007
b   102  69  936427   6.04800000000000E+0007
b   103  69  938397   2.28960000000000E+0005
e    96  70  933875   2.04120000000000E+0005
e    97  70  934946   1.05000000000000E+0003
n    98  70  933894  -1.35000000000218E-0001
e    99  70  935186   2.76480000000000E+0006
n   100  70  934759  -3.09999999999854E+0000
n   101  70  936323  -1.43999999999942E+0001
n   102  70  936378  -2.18999999999942E+0001
n   103  70  938208  -1.62000000000116E+0001
n   104  70  938859  -3.16000000000058E+0001
b   105  70  941273   3.62015999999523E+0005
n   106  70  942564  -1.26000000000058E+0001
b   107  70  945253   6.84000000000000E+0003
b   108  70  946639   4.44000000000000E+0003
e   101  71  939085   5.78880000000000E+0005
e   102  71  938929   4.31549999999390E+0007
e   103  71  940336   1.03950000000000E+0008
n   104  71  940770  -9.73900000000140E+0001
n   105  71  942679  -2.60999999999694E+0000
b   106  71  943752   5.79744000000000E+0005
b   107  71  945963   1.70400000000000E+0003
e    99  72  940490   4.35600000000000E+0004
e   100  72  939460   5.89050000000000E+0007
e   101  72  940650   8.64000000000000E+0004
n   102  72  940044  -1.60000000000082E-0001
e   103  72  941507   6.04800000000000E+0006
n   104  72  941406  -5.19999999999709E+0000
n   105  72  943217  -1.86000000000058E+0001
n   106  72  943696  -2.71000000000058E+0001
n   107  72  945812  -1.36999999999971E+0001
n   108  72  946546  -3.52000000000116E+0001
b   109  72  949096   3.66336000000381E+0006
b   110  72  950550   2.83500000000000E+0014
b   111  72  953530   3.84000000000000E+0003
e   105  73  945750   5.58599999999627E+0002
e   106  73  945930   5.74560000000000E+0007
n   107  73  947462  -1.23000000000104E-0002
n   108  73  947992  -9.99876999999397E+0001
b   109  73  950149   9.93600000000000E+0006
b   110  73  951369   4.40640000000000E+0005
e   104  74  945840   1.85760000000000E+0006
e   105  74  947067   2.28000000000000E+0003
n   106  74  946701  -1.30000000000109E-0001
e   107  74  948192   1.04544000000000E+0007
n   108  74  948202  -2.62999999999884E+0001
n   109  74  950220  -1.43000000000029E+0001
n   110  74  950928  -3.07000000000116E+0001
b   111  74  953416   6.48864000000000E+0006
n   112  74  954357  -2.86000000000058E+0001
b   113  74  957153   8.60400000000000E+0004
b   114  74  958480   5.99616000000000E+0006
e   107  75  951210   4.57200000000000E+0004
e   108  75  950817   6.13440000000000E+0006
e   109  75  952530   3.28320000000000E+0006
n   110  75  952951  -3.74000000000233E+0001
b   111  75  954984   3.26160000000000E+0005
n   112  75  955744  -6.25999999999767E+0001
b   113  75  958106   6.08400000000000E+0004
b   114  75  959219   8.74800000000000E+0004
e   106  76  952120   7.74000000000000E+0004
e   107  76  953290   4.68000000000000E+0004
n   108  76  952488  -1.80000000000291E-0002
e   109  76  954041   8.08704000000000E+0006
n   110  76  953830  -1.60000000000036E+0000
n   111  76  955741  -1.60000000000036E+0000
n   112  76  955830  -1.33000000000029E+0001
n   113  76  958137  -1.61000000000058E+0001
n   114  76  958436  -2.63999999999942E+0001
b   115  76  960920   1.33056000000000E+0006
n   116  76  961467  -4.10000000000000E+0001
b   117  76  964138   1.10160000000000E+0005
b   118  76  965173   1.89000000000000E+0008
e   111  77  958830   1.49400000000000E+0005
e   112  77  958712   1.13184000000000E+0006
e   113  77  960580   1.01952000000000E+0006
n   114  77  960584  -3.72999999999884E+0001
b   115  77  962580   6.41087999999237E+0006
n   116  77  962917  -6.27000000000116E+0001
b   117  77  965069   6.91200000000000E+0004
b   118  77  965966   1.00800000000000E+0004
e   109  78  960470   8.46000000000000E+0003
e   110  78  959386   8.81280000000000E+0005
e   111  78  960817   3.92400000000000E+0004
n   112  78  959917  -1.30000000000052E-0002
e   113  78  961665   2.50560000000238E+0005
n   114  78  961019  -7.79999999999745E-0001
e   115  78  962977   1.57500000000000E+0009
n   116  78  962655  -3.29000000000233E+0001
n   117  78  964766  -3.37999999999884E+0001
n   118  78  964926  -2.52999999999884E+0001
b   119  78  967315   6.58800000000000E+0004
n   120  78  967869  -7.19999999999709E+0000
b   121  78  970552   1.84800000000000E+0003
b   122  78  971417   4.50000000000000E+0004
e   115  79  965348   1.42200000000000E+0005
e   116  79  965013   1.60704000000000E+0007
e   117  79  966544   5.33952000000000E+0005
n   118  79  966543  -1.00000000000000E+0002
b   119  79  968217   2.32934400000095E+0005
b   120  79  968740   2.71296000000000E+0005
b   121  79  970670   2.90400000000000E+0003
e   113  80  966560   1.36800000000000E+0004
e   114  80  965391   1.63800000000000E+0010
e   115  80  966640   3.42000000000000E+0004
n   116  80  965807  -1.50000000000091E-0001
e   117  80  967187   2.30760000000000E+0005
n   118  80  966743  -1.00000000000000E+0001
n   119  80  968254  -1.67999999999884E+0001
n   120  80  968300  -2.31000000000058E+0001
n   121  80  970277  -1.31999999999971E+0001
n   122  80  970617  -2.97999999999884E+0001
b   123  80  972848   4.02623999999619E+0006
n   124  80  973467  -6.90000000000146E+0000
b   125  80  976047   3.12000000000000E+0002
e   119  81  970934   9.39600000000000E+0004
e   120  81  970794   2.62800000000000E+0005
e   121  81  972085   1.05408000000000E+0006
n   122  81  972320  -2.95000000000000E+0001
b   123  81  973839   1.18755000000000E+0008
n   124  81  974401  -7.05000000000000E+0001
b   125  81  976084   2.51999999999767E+0002
e   119  82  972830   3.34800000000000E+0004
e   120  82  972134   1.57500000000000E+0012
e   121  82  973365   1.86840000000000E+0005
n   122  82  973020  -1.42000000000007E+0000
e   123  82  974458   4.72500000000000E+0014
n   124  82  974440  -2.41000000000058E+0001
n   125  82  975872  -2.21000000000058E+0001
n   126  82  976627  -5.22999999999884E+0001
b   127  82  981065   1.17000000000000E+0004
b   128  82  984163   7.02450000000000E+0008
b   129  82  988735   2.16600000000000E+0003
b   130  82  991871   3.81600000000000E+0004
e   123  83  978478   5.39136000000000E+0005
e   124  83  978446   1.00800000000000E+0009
e   125  83  979717   1.15920000000000E+0013
n   126  83  980374  -1.00000000000000E+0002
b   127  83  984095   4.32864000000000E+0005
a   128  83  987255   1.28999999999767E+0002
b   129  83  991255   3.63600000000000E+0003
e   122  84  980456   7.60320000000000E+0005
e   123  84  981570   2.08800000000000E+0004
a   124  84  981222   9.13500000000000E+0007
a   125  84  982404   3.21300000000000E+0009
a   126  84  982848   1.19577599999847E+0007
a   127  84  986627   5.20000000000437E-0001
a   128  84  988900   3.03000000000109E-0007
a   129  84  992800   4.19999999999587E-0006
a   130  84  995200   1.63999999999831E-0004
a   131  84  999500   1.78000000000011E-0003
a   132  84    1900   1.50000000000091E-0001
a   134  84    8900   1.83000000000000E+0002
e   123  85  986510   5.86800000000000E+0003
e   124  85  986149   1.94400000000000E+0004
e   125  85  987126   2.98800000000000E+0004
e   126  85  987469   2.59560000000000E+0004
a   127  85  990725   3.10000000000400E-0001
a   128  85  992911   1.09999999999889E-0007
a   129  85  996300   9.99999999999482E-0009
a   130  85  998700   9.99999999998780E-0005
a   131  85    2400   2.99999999999745E-0004
a   132  85    4600   3.20000000000391E-0002
a   133  85    8600   2.00000000000000E+0000
a   134  85   11400   5.40000000000582E+0001
e   121  86  990690   5.58000000000000E+0002
a   124  86  989669   8.64000000000000E+0003
e   125  86  990576   5.25600000000000E+0004
a   126  86  990697   1.44000000000000E+0003
a   132  86    5580   3.49999999999682E-0002
a   136  86   17571   3.30048000000000E+0005
a   122  87  995870   5.00000000000000E+0001
e   125  87  996130   1.20000000000000E+0003
a   128  87     310   1.19999999999938E-0007
a   133  87   12293   2.73999999999942E+0001
b   136  87   19733   1.30800000000000E+0003
a   134  88   15353   3.80000000000000E+0001
a   135  88   18501   9.84959999999046E+0005
a   136  88   20186   3.16224000000000E+0005
b   137  88   23604   1.27872000000000E+0006
a   138  88   25403   5.04630000000000E+0010
b   139  88   29171   2.52000000000000E+0003
e   135  89   21685   1.04400000000000E+0004
a   136  89   23205   8.64000000000000E+0005
b   137  89   26084   1.04400000000000E+0005
b   138  89   27750   6.85755000000977E+0008
b   139  89   31015   2.19600000000000E+0004
a   138  90   28715   6.01650000000000E+0007
a   139  90   31755   2.29950000000000E+0011
a   140  90   33128   2.37510000000000E+0012
b   141  90   36299   9.18720000000000E+0004
a   142  90   38051   4.37850000000025E+0017
b   143  90   41577   1.33800000000000E+0003
e   138  91   32073   1.20960000000000E+0005
e   139  91   34527   1.52928000000191E+0006
a   140  91   35880   1.03320000000000E+0012
b   141  91   38565   1.13184000000000E+0005
b   142  91   40243   2.33280000000000E+0006
a   141  92   39628   5.01480000000000E+0012
a   142  92   40947   7.71750000000000E+0012
a   143  92   43924   2.23650000000123E+0016
a   144  92   45563   7.37729999998976E+0014
b   145  92   48725   5.83200000000000E+0005
a   146  92   50785   1.42065000000127E+0017
b   147  92   54290   1.41000000000000E+0003
e   143  93   46550   3.46500000000000E+0012
a   144  93   48168   6.74100000000000E+0013
b   145  93   50941   1.82908799999952E+0005
b   146  93   52933   2.03904000000000E+0005
e   143  94   48401   3.91392000000000E+0006
a   144  94   49555   2.76381000000000E+0009
a   145  94   52158   7.59150000000000E+0011
a   146  94   53808   2.06955000000000E+0011
b   147  94   56846   4.53600000000000E+0008
a   148  94   58737   1.18440000000000E+0013
b   149  94   61998   1.78560000000000E+0004
e   145  95   55278   1.83240000000000E+0005
a   146  95   56824   1.36395000000000E+0010
b   147  95   59542   5.76000000000000E+0004
a   148  95   61375   2.32155000000000E+0011
b   149  95   64279   3.63600000000000E+0004
a   150  96   67218   1.48050000000000E+0011
a   151  96   70347   5.04000000000000E+0014
a   152  96   72343   1.07100000000000E+0013
b   153  96   75948   3.84000000000000E+0003
e   149  97   68720   1.55520000000000E+0005
a   150  97   70300   4.34700000000000E+0010
a   153  98   79580   2.82870000000000E+0010
a   154  98   81621   8.31600000000000E+0007
a   153  99   82944   4.07808000000000E+0007
a   154  99   84818   1.77120000000000E+0006
