 1.00000000000000E+0000  :Mass      
 4.25000000000000E+0003  :Tsurface  
 5.05656683985217E+0003  :Teffective
 5.13057539994739E-0001  :Luminosity
 1.31154710313926E+0007  :Tcentral  
 6.62650451676023E+0001  :Dcentral  
 0.00000000000000E+0000  :TimeFromZAMS
Columns are: Mass, Temperature, Density, Radius, Luminosity, Opacity, Power, Pressure
 1.70112449996422E-0002 1.24879601149179E+0007 6.10323747935561E+0001 7.23299673328175E-0002 7.00552421553666E-0002 2.74332081080827E+0000 7.14075233242972E+0000 1.04226153415172E+0017
 3.52745176312581E-0002 1.20972936597388E+0007 5.77325029803803E+0001 9.32498239722355E-0002 1.30457040933094E-0001 2.87556446437822E+0000 5.96083593575408E+0000 9.60010331962801E+0016
 5.07953053890116E-0002 1.18193220289292E+0007 5.53788698084033E+0001 1.06162141167030E-0001 1.73933466621233E-0001 2.97434943757721E+0000 5.21609176409784E+0000 9.03292980765747E+0016
 7.31452397601768E-0002 1.14662165881157E+0007 5.23857762872173E+0001 1.21182867351582E-0001 2.27012085819771E-0001 3.10563525402884E+0000 4.37443546230722E+0000 8.33470886593369E+0016
 8.77742877122121E-0002 1.12554010410367E+0007 5.05988034377245E+0001 1.29640859788620E-0001 2.56836875093845E-0001 3.18717900107190E+0000 3.92380140131650E+0000 7.92998940827650E+0016
 1.05329145254655E-0001 1.10178572308648E+0007 4.85869619884266E+0001 1.38840453010491E-0001 2.88390524253984E-0001 3.28194193924072E+0000 3.45937769119545E+0000 7.48507116000234E+0016
 1.26394974305585E-0001 1.07501748574738E+0007 4.63241809125702E+0001 1.48887917584872E-0001 3.21091840063170E-0001 3.39242800358247E+0000 2.98766823579579E+0000 6.99809345835590E+0016
 1.51673969166703E-0001 1.04484477306993E+0007 4.37825680721154E+0001 1.59916987464779E-0001 3.54149610927651E-0001 3.52170763206126E+0000 2.51686233194031E+0000 6.46787200025498E+0016
 1.82008763000043E-0001 1.01081423471785E+0007 4.09330283488967E+0001 1.72099940909219E-0001 3.86567774945480E-0001 3.67357151270872E+0000 2.05680474296597E+0000 5.89423671003074E+0016
 2.00000000000000E-0001 9.92257045451869E+0006 3.93185274004751E+0001 1.78937103216145E-0001 4.04006548407369E-0001 3.93512156639726E+0000 1.43529086533431E+0000 4.98923482796762E+0016
 2.35230887201515E-0001 9.56137469509701E+0006 3.63306496066983E+0001 1.91669722482995E-0001 4.30280040692000E-0001 4.18211391431013E+0000 1.02234807482383E+0000 4.26501010482993E+0016
 2.94038609001894E-0001 8.99430256548655E+0006 3.17424767127490E+0001 2.11632332459066E-0001 4.61518344275058E-0001 4.52381847443463E+0000 6.28332062099328E-0001 3.40358905709832E+0016
 3.67548261252368E-0001 8.33017890401781E+0006 2.65614176903069E+0001 2.35412010610380E-0001 4.85517053949121E-0001 4.89868830784215E+0000 3.57483662534694E-0001 2.61979946562360E+0016
 4.40318038726559E-0001 7.70467247281120E+0006 2.19366541842198E+0001 2.58631960948226E-0001 4.99033469897133E-0001 5.25673171227078E+0000 2.01030007753525E-0001 2.00607477951204E+0016
 5.06334127669930E-0001 7.15264440696771E+0006 1.81271279402716E+0001 2.80091795146769E-0001 5.05928957519996E-0001 5.58534539663560E+0000 1.13780834540561E-0001 1.54176755953875E+0016
 5.65825732882454E-0001 6.65951518661564E+0006 1.49858543782056E+0001 3.00259051724825E-0001 5.09446012071846E-0001 5.88779105813634E+0000 6.46507150309970E-0002 1.18842128996267E+0016
 6.19168686618154E-0001 6.21474754692261E+0006 1.23936474185303E+0001 3.19440510246750E-0001 5.11237874630788E-0001 6.16726184465015E+0000 3.68050445533283E-0002 9.18263853189538E+0015
 6.66803432633541E-0001 5.81051091082020E+0006 1.02532938825359E+0001 3.37847071240946E-0001 5.12148805677595E-0001 6.42671297801134E+0000 2.09597454615043E-0002 7.10939170492646E+0015
 7.09191486813339E-0001 5.44084233902698E+0006 8.48520184419779E+0000 3.55628555325604E-0001 5.12610424796178E-0001 6.66879218703845E+0000 1.19250682755192E-0002 5.51351805121908E+0015
 7.46791711181972E-0001 5.10109847145291E+0006 7.02404565704224E+0000 3.72893866135544E-0001 5.12843397807435E-0001 6.89582991591348E+0000 6.77153496212328E-0003 4.28203711532885E+0015
 7.80047229124748E-0001 4.78758805841564E+0006 5.81611966952170E+0000 3.89723377447236E-0001 5.12960403002171E-0001 7.10985992056537E+0000 3.83441100208722E-0003 3.32976675081248E+0015
 8.09378293060055E-0001 4.49732050069814E+0006 4.81721955208605E+0000 4.06176905730710E-0001 5.13018839042634E-0001 7.31265220381698E+0000 2.16366236498944E-0003 2.59210444190381E+0015
 8.35178609810981E-0001 4.22783066416297E+0006 3.99092985925867E+0000 4.22299043722474E-0001 5.13047843772914E-0001 7.50574843822768E+0000 1.21590528820418E-0003 2.01982158988194E+0015
 8.57813740672691E-0001 3.97705474995465E+0006 3.30723149984575E+0000 4.38122850196129E-0001 5.13062143806563E-0001 7.69049512946957E+0000 6.80150793969474E-0004 1.57525870785933E+0015
 8.77620777225218E-0001 3.74324087557997E+0006 2.74136483362220E+0000 4.53672480780097E-0001 5.13069143499920E-0001 7.86807265937638E+0000 3.78537927083140E-0004 1.22951392811622E+0015
 8.94908812711127E-0001 3.52488360380203E+0006 2.27289895853185E+0000 4.68965117017613E-0001 5.13072543738161E-0001 8.03951984215233E+0000 2.09525846525770E-0004 9.60346896398603E+0014
 9.09959909853112E-0001 3.32067523446039E+0006 1.88496833999264E+0000 4.84012418818669E-0001 5.13074182289545E-0001 8.20575431785476E+0000 1.15300798002801E-0004 7.50604606319908E+0014
 9.23030373019522E-0001 3.12946900110996E+0006 1.56364581785424E+0000 4.98821645953125E-0001 5.13074965318087E-0001 8.36758936533485E+0000 6.30593829026002E-0005 5.87032130716752E+0014
 9.44134617311992E-0001 2.78211746405852E+0006 1.07680641948956E+0000 5.27738065248847E-0001 5.13075510436099E-0001 8.68087324479743E+0000 1.84939688909990E-0005 3.59664389129550E+0014
 9.66029397926842E-0001 2.33651443120412E+0006 6.16538512311317E-0001 5.69341664047320E-0001 5.13075645810491E-0001 9.13349508584258E+0000 2.78486612244547E-0006 1.73135742440972E+0014
 9.83023650660475E-0001 1.85631592308556E+0006 2.94154746398071E-0001 6.21321414979915E-0001 5.13075659131781E-0001 9.72312946784567E+0000 1.99930419028268E-0007 6.57176192555784E+0013
