 2.00000000000000E+0000  :Mass      
 4.25243000000000E+0003  :Tsurface  
 1.06918726203382E+0004  :Teffective
 1.58296809134955E+0001  :Luminosity
 2.12550979861894E+0007  :Tcentral  
 6.13126560819968E+0001  :Dcentral  
 0.00000000000000E+0000  :TimeFromZAMS
Columns are: Mass, Temperature, Density, Radius, Luminosity, Opacity, Power, Pressure
 3.41821891871668E-0002 2.02344000338564E+0007 5.69070058749439E+0001 9.35150677487503E-0002 4.95939017149988E+0000 7.29408930589190E-0001 2.03208766421019E+0002 1.57256294135577E+0017
 7.08801874985092E-0002 1.95731727110099E+0007 5.41117293794813E+0001 1.20443693892058E-0001 7.79771613667572E+0000 7.56689001719559E-0001 1.23744326767662E+0002 1.45353937947299E+0017
 1.02067469997853E-0001 1.90959060593614E+0007 5.21250433871372E+0001 1.37014516762972E-0001 9.34816040372026E+0000 7.78008512422392E-0001 8.77847608614534E+0001 1.37119642437886E+0017
 1.46977156796909E-0001 1.84812233389895E+0007 4.96049825794668E+0001 1.56228854329006E-0001 1.08484962313245E+0001 8.07714647065848E-0001 5.79177008166941E+0001 1.26948152183402E+0017
 1.76372588156290E-0001 1.81096239115648E+0007 4.81028221012800E+0001 1.67013198089361E-0001 1.15485859417250E+0001 8.27022656908313E-0001 4.58373555788984E+0001 1.21032681676577E+0017
 2.11647105787548E-0001 1.76866744022385E+0007 4.64128251709013E+0001 1.78710070365779E-0001 1.22038217840744E+0001 8.50356733530461E-0001 3.57505115030514E+0001 1.14511107762001E+0017
 2.53976526945058E-0001 1.72045719354732E+0007 4.45123463499672E+0001 1.91440928549453E-0001 1.28100712464069E+0001 8.78876742419426E-0001 2.75647929290119E+0001 1.07348459787886E+0017
 3.04771832334070E-0001 1.66562771376890E+0007 4.23704163910391E+0001 2.05356203410443E-0001 1.33661233490860E+0001 9.14215774540506E-0001 2.10686936929683E+0001 9.95171261926462E+0016
 3.65726198800884E-0001 1.60575968629853E+0007 3.98918349677920E+0001 2.20657234969929E-0001 1.38735368792249E+0001 9.56687601843991E-0001 1.60214905981200E+0001 9.10004028878337E+0016
 4.38871438561060E-0001 1.54018889416626E+0007 3.70367415449829E+0001 2.37632655683291E-0001 1.43343727330697E+0001 1.00381273084355E+0000 1.21256740658006E+0001 8.17998040163552E+0016
 5.26645726273273E-0001 1.46791623633472E+0007 3.37709676758340E+0001 2.56671581250168E-0001 1.47450925041260E+0001 1.05736051684071E+0000 9.00583514834679E+0000 7.19501317615497E+0016
 6.31974871527927E-0001 1.38760787996694E+0007 3.00671752654755E+0001 2.78329077690194E-0001 1.50980059351857E+0001 1.11865770792160E+0000 6.44859830176357E+0000 6.15295486050379E+0016
 7.58369845833513E-0001 1.29742717239374E+0007 2.59107976783376E+0001 3.03438812666240E-0001 1.53834900788649E+0001 1.18946354075806E+0000 4.34708250921176E+0000 5.06769216032148E+0016
 9.10043815000215E-0001 1.19470214524427E+0007 2.13097083638145E+0001 3.33341984281792E-0001 1.55937943031209E+0001 1.27211458246732E+0000 2.66859483885315E+0000 3.96137257324053E+0016
 1.00000000000000E+0000 1.13546753798770E+0007 1.87770419938007E+0001 3.51368097829603E-0001 1.56720347746705E+0001 1.37335128149361E+0000 1.41421085912940E+0000 2.86915618327646E+0016
 1.12797867351391E+0000 1.05197958212890E+0007 1.54031340118751E+0001 3.77977505569198E-0001 1.57451635694471E+0001 1.47886259635533E+0000 6.49770522837136E-0001 1.92855892835189E+0016
 1.23708159567059E+0000 9.80535004134262E+0006 1.27448838258026E+0001 4.02056664241915E-0001 1.57819977226894E+0001 1.54289764580841E+0000 3.90217152646081E-0001 1.48940151524939E+0016
 1.33411102254942E+0000 9.15899421024248E+0006 1.05482719318129E+0001 4.25071214009620E-0001 1.58016704297109E+0001 1.60213831117443E+0000 2.34590253306529E-0001 1.15274278152379E+0016
 1.42014419493541E+0000 8.56985971592688E+0006 8.73256977043301E+0000 4.47234645759485E-0001 1.58121569210865E+0001 1.65729421375286E+0000 1.40990944166207E-0001 8.93786039825776E+0015
 1.49621419489267E+0000 8.02975217528417E+0006 7.23128342215689E+0000 4.68699446636448E-0001 1.58177295347738E+0001 1.70895448961156E+0000 8.46259718716597E-0002 6.94055023753474E+0015
 1.56329579100834E+0000 7.53230210141999E+0006 5.98961982174301E+0000 4.89576810901667E-0001 1.58206791227840E+0001 1.75761513360522E+0000 5.06864283410124E-0002 5.39659820245247E+0015
 1.62229856618411E+0000 7.07243201671783E+0006 4.96240618721760E+0000 5.09948847041657E-0001 1.58222330061972E+0001 1.80369827353180E+0000 3.02736273168772E-0002 4.20086818225488E+0015
 1.67406440993519E+0000 6.64600724879611E+0006 4.11238420730321E+0000 5.29876505387953E-0001 1.58230472642453E+0001 1.84756640888222E+0000 1.80209958706340E-0002 3.27335232879079E+0015
 1.71936766327121E+0000 6.24959899687084E+0006 3.40881093313957E+0000 5.49404936730382E-0001 1.58234714562519E+0001 1.88953323332170E+0000 1.06862965921437E-0002 2.55290371324101E+0015
 1.75891688325729E+0000 5.88031886723720E+0006 2.82631021415911E+0000 5.68567243090629E-0001 1.58236910497356E+0001 1.92987200969487E+0000 6.31000360046459E-0003 1.99262702899984E+0015
 1.79335758668380E+0000 5.53570042970422E+0006 2.34392894004664E+0000 5.87387186714243E-0001 1.58238039658493E+0001 1.96882213432730E+0000 3.70874425981860E-0003 1.55645347528715E+0015
 1.82327556578015E+0000 5.21361257523819E+0006 1.94436092028371E+0000 6.05881203771058E-0001 1.58238616177253E+0001 2.00659433730093E+0000 2.16908485505476E-0003 1.21657458676753E+0015
 1.84920051215050E+0000 4.91219489838375E+0006 1.61330816247272E+0000 6.24059941715913E-0001 1.58238908356060E+0001 2.04337484459388E+0000 1.26197025562073E-0003 9.51506850346465E+0014
 1.89093214218558E+0000 4.36499895623766E+0006 1.11153423836760E+0000 6.59492204601381E-0001 1.58239128599119E+0001 2.11460274491475E+0000 4.20044464992563E-0004 5.83040260084399E+0014
 1.92181073873522E+0000 3.88303747908352E+0006 7.66586885248757E-0001 6.93693578949320E-0001 1.58239182665812E+0001 2.18361927554881E+0000 1.36491001852595E-0004 3.57995006441394E+0014
 1.96084650792162E+0000 3.08060916125112E+0006 3.65702994519447E-0001 7.58279713197078E-0001 1.58239198428416E+0001 2.31837448413323E+0000 1.33161670262109E-0005 1.35696193977491E+0014
