50
 0.00000000000000E+0000
 0.00000000000000E+0000
 1.27323954473516E+0000
 0.00000000000000E+0000
 0.00000000000000E+0000
 0.00000000000000E+0000
-4.24413181578388E-0001
 0.00000000000000E+0000
 0.00000000000000E+0000
 0.00000000000000E+0000
 2.54647908947033E-0001
 0.00000000000000E+0000
 0.00000000000000E+0000
 0.00000000000000E+0000
-1.81891363533595E-0001
 0.00000000000000E+0000
 0.00000000000000E+0000
 0.00000000000000E+0000
 1.41471060526129E-0001
 0.00000000000000E+0000
 0.00000000000000E+0000
 0.00000000000000E+0000
-1.15749049521378E-0001
 0.00000000000000E+0000
 0.00000000000000E+0000
 0.00000000000000E+0000
 9.79415034411664E-0002
 0.00000000000000E+0000
 0.00000000000000E+0000
 0.00000000000000E+0000
-8.48826363156775E-0002
 0.00000000000000E+0000
 0.00000000000000E+0000
 0.00000000000000E+0000
 7.48964438079507E-0002
 0.00000000000000E+0000
 0.00000000000000E+0000
 0.00000000000000E+0000
-6.70126076176401E-0002
 0.00000000000000E+0000
 0.00000000000000E+0000
 0.00000000000000E+0000
 6.06304545111982E-0002
 0.00000000000000E+0000
 0.00000000000000E+0000
 0.00000000000000E+0000
-5.53582410754419E-0002
 0.00000000000000E+0000
 0.00000000000000E+0000
 0.00000000000000E+0000
 5.09295817894065E-0002
 0.00000000000000E+0000
 0.00000000000000E+0000
 0.00000000000000E+0000
-4.71570201753764E-0002
 0.00000000000000E+0000
 0.00000000000000E+0000
 0.00000000000000E+0000
 4.39048118874194E-0002
 0.00000000000000E+0000
 0.00000000000000E+0000
 0.00000000000000E+0000
-4.10722433785536E-0002
 0.00000000000000E+0000
 0.00000000000000E+0000
 0.00000000000000E+0000
 3.85830165071261E-0002
 0.00000000000000E+0000
 0.00000000000000E+0000
 0.00000000000000E+0000
-3.63782727067189E-0002
 0.00000000000000E+0000
 0.00000000000000E+0000
 0.00000000000000E+0000
 3.44118795874368E-0002
 0.00000000000000E+0000
 0.00000000000000E+0000
 0.00000000000000E+0000
-3.26471678137221E-0002
 0.00000000000000E+0000
 0.00000000000000E+0000
 0.00000000000000E+0000
 3.10546230423210E-0002
 0.00000000000000E+0000
 0.00000000000000E+0000
 0.00000000000000E+0000
-2.96102219705852E-0002
 0.00000000000000E+0000
 0.00000000000000E+0000
 0.00000000000000E+0000
 2.82942121052258E-0002
 0.00000000000000E+0000
 0.00000000000000E+0000
 0.00000000000000E+0000
-2.70902030794715E-0002
 0.00000000000000E+0000
 0.00000000000000E+0000
 0.00000000000000E+0000
 2.59844805047992E-0002
 0.00000000000000E+0000
 0.00000000000000E+0000
 0.00000000000000E+0000
