40
 0.00000000000000E+0000
 0.00000000000000E+0000
 0.00000000000000E+0000
 6.36619772367581E-0001
 0.00000000000000E+0000
 3.18309886183791E-0001
 0.00000000000000E+0000
 2.12206590789194E-0001
 0.00000000000000E+0000
 1.59154943091895E-0001
 0.00000000000000E+0000
 1.27323954473516E-0001
 0.00000000000000E+0000
 1.06103295394597E-0001
 0.00000000000000E+0000
 9.09456817667973E-0002
 0.00000000000000E+0000
 7.95774715459477E-0002
 0.00000000000000E+0000
 7.07355302630646E-0002
 0.00000000000000E+0000
 6.36619772367581E-0002
 0.00000000000000E+0000
 5.78745247606892E-0002
 0.00000000000000E+0000
 5.30516476972984E-0002
 0.00000000000000E+0000
 4.89707517205832E-0002
 0.00000000000000E+0000
 4.54728408833987E-0002
 0.00000000000000E+0000
 4.24413181578388E-0002
 0.00000000000000E+0000
 3.97887357729738E-0002
 0.00000000000000E+0000
 3.74482219039754E-0002
 0.00000000000000E+0000
 3.53677651315323E-0002
 0.00000000000000E+0000
 3.35063038088201E-0002
 0.00000000000000E+0000
 3.18309886183791E-0002
 0.00000000000000E+0000
 3.03152272555991E-0002
 0.00000000000000E+0000
 2.89372623803446E-0002
 0.00000000000000E+0000
 2.76791205377209E-0002
 0.00000000000000E+0000
 2.65258238486492E-0002
 0.00000000000000E+0000
 2.54647908947033E-0002
 0.00000000000000E+0000
 2.44853758602916E-0002
 0.00000000000000E+0000
 2.35785100876882E-0002
 0.00000000000000E+0000
 2.27364204416993E-0002
 0.00000000000000E+0000
 2.19524059437097E-0002
 0.00000000000000E+0000
 2.12206590789194E-0002
 0.00000000000000E+0000
 2.05361216892768E-0002
 0.00000000000000E+0000
 1.98943678864869E-0002
 0.00000000000000E+0000
 1.92915082535631E-0002
 0.00000000000000E+0000
 1.87241109519877E-0002
 0.00000000000000E+0000
 1.81891363533595E-0002
 0.00000000000000E+0000
 1.76838825657661E-0002
 0.00000000000000E+0000
 1.72059397937184E-0002
 0.00000000000000E+0000
 1.67531519044100E-0002
 0.00000000000000E+0000
 1.63235839068611E-0002
 0.00000000000000E+0000
 1.59154943091895E-0002
