-2.02486995201980E+0000 0.00000000000000E+0000
-5.00016092454644E-0001 0.00000000000000E+0000
-2.22222418812862E-0001 0.00000000000000E+0000
-1.25000198041334E-0001 0.00000000000000E+0000
-8.00002185669655E-0002 0.00000000000000E+0000
-5.55557931318731E-0002 0.00000000000000E+0000
-4.08165844306154E-0002 0.00000000000000E+0000
-3.12502717977168E-0002 0.00000000000000E+0000
-2.46916384964777E-0002 0.00000000000000E+0000
-2.00002944225446E-0002 0.00000000000000E+0000
-1.65292303322246E-0002 0.00000000000000E+0000
-1.38892103968828E-0002 0.00000000000000E+0000
-1.18346454905378E-0002 0.00000000000000E+0000
-1.02044192409210E-0002 0.00000000000000E+0000
-8.88923603251612E-0003 0.00000000000000E+0000
-7.81286440246731E-0003 0.00000000000000E+0000
-6.92078550797248E-0003 0.00000000000000E+0000
-6.17321414858196E-0003 0.00000000000000E+0000
-5.54055335244641E-0003 0.00000000000000E+0000
-5.00039838354382E-0003 0.00000000000000E+0000
-4.53555582885912E-0003 0.00000000000000E+0000
-4.13263903893579E-0003 0.00000000000000E+0000
-3.78113384033085E-0003 0.00000000000000E+0000
-3.47265429823196E-0003 0.00000000000000E+0000
-3.20043803087344E-0003 0.00000000000000E+0000
 2.17038494519875E+0000 0.00000000000000E+0000
 4.53335761761764E-0003 1.00560991118618E+0000
-2.39993710293447E-0001 3.20019548561049E-0001
-1.60000181585929E-0001 1.20000842043623E-0001
-1.03806434045282E-0001 5.53643987716441E-0002
-7.10061426265156E-0002 2.95871449356753E-0002
-5.11324515011324E-0002 1.75326598740639E-0002
-3.84002543305542E-0002 1.12018842472565E-0002
-2.98227600627285E-0002 7.57611809372349E-0003
-2.37956412940434E-0002 5.35637875399431E-0003
-1.94101555075008E-0002 3.92387594359889E-0003
-1.61250100539689E-0002 2.95915619579645E-0003
-1.36031722839220E-0002 2.28622692011982E-0003
-1.16266294177194E-0002 1.80280780112874E-0003
-1.00495582252051E-0002 1.44673329010381E-0003
-8.77159467384558E-0003 1.17875813939783E-0003
-7.72189905285359E-0003 9.73284504952154E-0004
-6.84936343518672E-0003 8.13137475491388E-0004
-6.11635442167824E-0003 6.86502141938661E-0004
-5.49472812633667E-0003 5.85072629767147E-0004
-4.96304737888664E-0003 5.02893841256125E-0004
-4.50481371022704E-0003 4.35619876689053E-0004
-4.10711649061568E-0003 3.80032409390552E-0004
-3.75976276421142E-0003 3.33709874827282E-0004
-3.45461446603323E-0003 2.94811139863516E-0004
-3.18511126389254E-0003 2.61912997884028E-0004
 5.00208604687032E-0001 0.00000000000000E+0000
 2.40034774845526E-0001 3.20019548488290E-0001
 2.48083804887077E-0007 2.50001574549970E-0001
-5.91718043160085E-0002 1.42013452630863E-0001
-6.00002255125673E-0002 8.00021537102111E-0002
-4.99407817944189E-0002 4.75651174864424E-0002
-4.00002525403806E-0002 3.00032308034588E-0002
-3.20401401122012E-0002 1.99396890675700E-0002
-2.59518385264528E-0002 1.38451377971478E-0002
-2.13151708893804E-0002 9.97024361464582E-0003
-1.77517793070479E-0002 7.40183425102714E-0003
-1.49763152915341E-0002 5.63792301242927E-0003
-1.27833816626861E-0002 4.38922275743181E-0003
-1.10264344882580E-0002 3.48189211574024E-0003
-9.60034853133607E-0003 2.80753703029646E-0003
-8.42887561042005E-0003 2.29636122789501E-0003
-7.45598307532447E-0003 1.90210610242936E-0003
-6.63994062139750E-0003 1.59333013210983E-0003
-5.94921876682264E-0003 1.34817989363789E-0003
-5.35974466957612E-0003 1.15115574861058E-0003
-4.85286590249956E-0003 9.91063969760120E-0004
-4.41399374184925E-0003 8.59687764690698E-0004
-4.03159216302384E-0003 7.50895428088150E-0004
-3.69644970461991E-0003 6.60070160536819E-0004
-3.40114459527641E-0003 5.83671556664278E-0004
-3.13964604976391E-0003 5.18969456803298E-0004
 2.22222306373169E-0001 0.00000000000000E+0000
 1.59999871876380E-0001 1.20000841985416E-0001
 5.91713714348430E-0002 1.42013452630863E-0001
-2.37691693122854E-0007 1.11113533532261E-0001
-2.24002437016395E-0002 7.68032302852362E-0002
-2.76819153471877E-0002 5.19071521197247E-0002
-2.66669342143189E-0002 3.55604011777473E-0002
-2.37814943494641E-0002 2.49759274923917E-0002
-2.06420570814316E-0002 1.80210983589291E-0002
-1.77780762979012E-0002 1.33406018807705E-0002
-1.53188861568339E-0002 1.01082359660012E-0002
-1.32547586531331E-0002 7.81953390290369E-0003
-1.15343552504896E-0002 6.16117080095790E-0003
-1.01000725223344E-0002 4.93412080552247E-0003
-8.89981823719665E-0003 4.00892695621025E-0003
-7.88990508524989E-0003 3.29942401987182E-0003
-7.03490406815632E-0003 2.74699348247154E-0003
-6.30639703086189E-0003 2.31092505866570E-0003
-5.68174295503354E-0003 1.96243257632744E-0003
-5.14283575201802E-0003 1.68079490432582E-0003
-4.67517388060656E-0003 1.45086615805567E-0003
-4.26707990244068E-0003 1.26140362594462E-0003
-3.90909726225885E-0003 1.10397032790921E-0003
-3.59352245590117E-0003 9.72129418474132E-0004
-3.31404171827288E-0003 8.60935132337204E-0004
-3.06544910510453E-0003 7.66542380048030E-0004
 1.24999747556330E-0001 0.00000000000000E+0000
 1.03805970294843E-0001 5.53643986261250E-0002
 5.99997453568903E-0002 8.00021537102111E-0002
 2.23997401369047E-0002 7.68032302852362E-0002
-2.72085138275282E-0007 6.25043068265541E-0002
-1.07081918344107E-0002 4.75961034713919E-0002
-1.47931809964490E-0002 3.55094199827022E-0002
-1.56215968431042E-0002 2.65164132698033E-0002
-1.50003001674008E-0002 2.00086138830784E-0002
-1.38168739758129E-0002 1.53141874375393E-0002
-1.24854576024944E-0002 1.19013734406366E-0002
-1.11889881936520E-0002 9.38901028273165E-0003
-1.00003402298370E-0002 7.51292378705415E-0003
-8.94117681855278E-0003 6.09142621159720E-0003
-8.01032473215457E-0003 4.99905563150094E-0003
-7.19721442298749E-0003 4.14831171792684E-0003
-6.48825917223661E-0003 3.47743611830253E-0003
-5.86976993047728E-0003 2.94225156022421E-0003
-5.32910891321592E-0003 2.51073222747422E-0003
-4.85514221366401E-0003 2.15936219122170E-0003
-4.43827491370286E-0003 1.87064690543615E-0003
-4.07033796383871E-0003 1.63143190542847E-0003
-3.74441782395252E-0003 1.43169482727501E-0003
-3.45467779931852E-0003 1.26372051439994E-0003
-3.19620067212156E-0003 1.12153695813078E-0003
-2.96480312357517E-0003 1.00044192600102E-0003
 7.99997217833379E-0002 0.00000000000000E+0000
 7.10056351829280E-0002 2.95871447319485E-0002
 4.99402635446700E-0002 4.75651173700271E-0002
 2.76813790043775E-0002 5.19071521197247E-0002
 1.07076259231462E-0002 4.75961034713919E-0002
-2.94793385975482E-0007 4.00067297704823E-0002
-5.91268678819290E-0003 3.22574709992978E-0002
-8.76583496875583E-0003 2.55755280064420E-0002
-9.84756155089883E-0003 2.02102363836900E-0002
-9.96828872634126E-0003 1.60320497120665E-0002
-9.60032823394386E-0003 1.28134610320672E-0002
-9.00765620744437E-0003 1.03356907201260E-0002
-8.33338896586611E-0003 8.41921940013890E-0003
-7.65260471921181E-0003 6.92577833392960E-0003
-7.00267958043810E-0003 5.75173167189291E-0003
-6.40037467380239E-0003 4.82019089404417E-0003
-5.85137257452573E-0003 4.07416823752982E-0003
-5.35557727358338E-0003 3.47129662705115E-0003
-4.91004514529436E-0003 2.97987300347913E-0003
-4.51059203399495E-0003 2.57597927397057E-0003
-4.15265876167581E-0003 2.24145454909674E-0003
-3.83176185074419E-0003 1.96236407198214E-0003
-3.54372248373735E-0003 1.72792017496626E-0003
-3.28471924822793E-0003 1.52974028422470E-0003
-3.05136921850035E-0003 1.36120765636427E-0003
-2.84068554044481E-0003 1.21708303468004E-0003
 5.55552563449737E-0002 0.00000000000000E+0000
 5.11319112391675E-0002 1.75326598740639E-0002
 3.99996992989031E-0002 3.00032308034588E-0002
 2.66663621249847E-0002 3.55604011777473E-0002
 1.47925863715130E-0002 3.55094199827022E-0002
 5.91207328623966E-0003 3.22574709992978E-0002
-3.22060031382725E-0007 2.77874684618666E-0002
-3.59893717554627E-0003 2.32639027376536E-0002
-5.60033226658874E-0003 1.92129214098884E-0002
-6.57495712400902E-0003 1.57936306592035E-0002
-6.92076411275622E-0003 1.29919317169964E-0002
-6.89718518781746E-0003 1.07281412838915E-0002
-6.66702560999965E-0003 8.90827125930116E-0003
-6.32993022362172E-0003 7.44514899715654E-0003
-5.94567329430618E-0003 6.26518019238631E-0003
-5.54933492816900E-0003 5.30894803570447E-0003
-5.16083340738049E-0003 4.52950225278670E-0003
-4.79092807093906E-0003 3.89018478030678E-0003
-4.44484463722006E-0003 3.36241037648577E-0003
-4.12453447620464E-0003 2.92392816330178E-0003
-3.83006204256375E-0003 2.55734571578614E-0003
-3.56040721023376E-0003 2.24902521588533E-0003
-3.31404364256827E-0003 1.98819985908116E-0003
-3.08916715816565E-0003 1.76633694009176E-0003
-2.88394503491318E-0003 1.57663346836401E-0003
-2.69658953136798E-0003 1.41363159562502E-0003
 4.08160070081749E-0002 0.00000000000000E+0000
 3.83996782734357E-0002 1.12018842472565E-0002
 3.20395532271505E-0002 1.99396890675700E-0002
 2.37808835537408E-0002 2.49759274923917E-0002
 1.56209773646054E-0002 2.65164132698033E-0002
 8.76518964999207E-0003 2.55755280064420E-0002
 3.59828174796561E-0003 2.32639027376536E-0002
-3.38315222421417E-0007 2.04213545044070E-0002
-2.34978452033374E-0003 1.75575616581511E-0002
-3.78733463638525E-0003 1.49282010026894E-0002
-4.59474928478443E-0003 1.26308888980446E-0002
-4.98306119050085E-0003 1.06781671523066E-0002
-5.10118135189686E-0003 9.04299469326020E-0003
-5.05045509954982E-0003 7.68378274175774E-0003
-4.89834625856389E-0003 6.55699372870089E-0003
-4.68897171563043E-0003 5.62260106680412E-0003
-4.45080850523993E-0003 4.84606478990202E-0003
-4.20193760731280E-0003 4.19855403747960E-0003
-3.95357211456115E-0003 3.65645792704328E-0003
-3.71249431184140E-0003 3.20058627922393E-0003
-3.48254559441941E-0003 2.81545149583096E-0003
-3.26573746285774E-0003 2.48855028885231E-0003
-3.06285320344912E-0003 2.20979520310038E-0003
-2.87397207871365E-0003 1.97099395278855E-0003
-2.69868386412142E-0003 1.76555506856957E-0003
-2.53635714882705E-0003 1.58803601779134E-0003
 3.12496586441284E-0002 0.00000000000000E+0000
 2.98221420321454E-0002 7.57611809372349E-0003
 2.59512183550328E-0002 1.38451377971478E-0002
 2.06414336178398E-0002 1.80210983589291E-0002
 1.49996503735395E-0002 2.00086138830784E-0002
 9.84689645034109E-0003 2.02102363836900E-0002
 5.59964719724348E-0003 1.92129214098884E-0002
 2.34908688013391E-0003 1.75575616581511E-0002
-3.55610835372795E-0007 1.56422288811200E-0002
-1.61749183161675E-0003 1.37173615207331E-0002
-2.67735288203141E-0003 1.19192136055233E-0002
-3.33127031457536E-0003 1.03085723781930E-0002
-3.69860424946467E-0003 8.90158509075434E-0003
-3.86857461495893E-0003 7.69069370294062E-0003
-3.90572199224337E-0003 6.65737007793155E-0003
-3.85571388104111E-0003 5.77936045298344E-0003
-3.75040551391592E-0003 5.03445799706981E-0003
-3.61171128470517E-0003 4.40226515515718E-0003
-3.45455475839529E-0003 3.86488902118032E-0003
-3.28900605214599E-0003 3.40700737559985E-0003
-3.12171855617294E-0003 3.01572677933493E-0003
-2.95700696283774E-0003 2.68026738240223E-0003
-2.79760891717018E-0003 2.39167791938755E-0003
-2.64513513308273E-0003 2.14253716958979E-0003
-2.50045160437651E-0003 1.92668494039339E-0003
-2.36395369806175E-0003 1.73904510157108E-0003
 2.46910013385957E-0002 0.00000000000000E+0000
 2.37950017587423E-0002 5.35637875399431E-0003
 2.13145259973828E-0002 9.97024361464582E-0003
 1.77774177083734E-0002 1.33406018807705E-0002
 1.38161983320231E-0002 1.53141874375393E-0002
 9.96759706150385E-0003 1.60320497120665E-0002
 6.57425380675392E-0003 1.57936306592035E-0002
 3.78661660999313E-0003 1.49282010026894E-0002
 1.61674783796073E-0003 1.37173615207331E-0002
-3.75583051109938E-0007 1.23674823763480E-0002
-1.16030345871998E-0003 1.10129033106148E-0002
-1.96098336442674E-0003 9.73158482476322E-0003
-2.48928472037946E-0003 8.56240614128012E-0003
-2.81640121967541E-0003 7.51949626734216E-0003
-2.99797013898839E-0003 6.60249243269107E-0003
-3.07614428630387E-0003 5.80335395432741E-0003
-3.08223803100560E-0003 5.11057285742567E-0003
-3.03913276264822E-0003 4.51160438473153E-0003
-2.96338881206637E-0003 3.99422458993115E-0003
-2.86687762068283E-0003 3.54718506936180E-0003
-2.75803640655781E-0003 3.16048993983387E-0003
-2.64279598743045E-0003 2.82536172601056E-0003
-2.52531151057767E-0003 2.53430320594461E-0003
-2.40840894451111E-0003 2.28093441580057E-0003
-2.29399161258570E-0003 2.05978245411487E-0003
-2.18329659565697E-0003 1.86623165932076E-0003
 1.99996237050186E-0002 0.00000000000000E+0000
 1.94094939300555E-0002 3.92387594359889E-0003
 1.77511077567942E-0002 7.40183425102714E-0003
 1.53181982375656E-0002 1.01082359660012E-0002
 1.24847603606639E-0002 1.19013734406366E-0002
 9.59962269513426E-0003 1.28134610320672E-0002
 6.92003494702931E-0003 1.29919317169964E-0002
 4.59400250835529E-0003 1.26308888980446E-0002
 2.67658623524270E-0003 1.19192136055233E-0002
 1.15952560785892E-0003 1.10129033106148E-0002
-3.99632650673488E-0007 1.00269192625433E-0002
-8.60333773676558E-0004 9.03843308957164E-0003
-1.47849980115033E-0003 8.09465572268664E-0003
-1.90751001338541E-0003 7.22119018872291E-0003
-2.19179923857737E-0003 6.42921966166199E-0003
-2.36728678238052E-0003 5.72085405440248E-0003
-2.46223793552147E-0003 5.09293874302585E-0003
-2.49843358410828E-0003 4.53952696380355E-0003
-2.49242810023631E-0003 4.05344369723082E-0003
-2.45667152675821E-0003 3.62728460263639E-0003
-2.40044945222806E-0003 3.25384925553607E-0003
-2.33062760183955E-0003 2.92655809691666E-0003
-2.25228116054410E-0003 2.63945403145627E-0003
-2.16909016011968E-0003 2.38726751067020E-0003
-2.08372375390908E-0003 2.16537759449764E-0003
-1.99809107544979E-0003 1.96979843572009E-0003
 1.65285343088613E-0002 0.00000000000000E+0000
 1.61243052922089E-0002 2.95915619579645E-0003
 1.49756141510409E-0002 5.63792301242927E-0003
 1.32540467603661E-0002 7.81953390290369E-0003
 1.11882734922801E-0002 9.38901028273165E-0003
 9.00693027267607E-0003 1.03356907201260E-0002
 6.89643233015858E-0003 1.07281412838915E-0002
 4.98229678738227E-0003 1.06781671523066E-0002
 3.33050143235170E-0003 1.03085723781930E-0002
 1.96018908511419E-0003 9.73158482476322E-0003
 8.59522964760551E-0004 9.03843308957164E-0003
-4.09001115894529E-0007 8.29703569728224E-0003
-6.55455839172703E-0004 7.55422322923494E-0003
-1.14191730390267E-0003 6.83992621225116E-0003
-1.49312118640843E-0003 6.17147841219179E-0003
-1.73787756192567E-0003 5.55747222212943E-0003
-1.90011753972819E-0003 5.00063646715887E-0003
-1.99924818053887E-0003 4.50008526614454E-0003
-2.05068760644878E-0003 4.05279126304237E-0003
-2.06652534960128E-0003 3.65469080169589E-0003
-2.05614460556802E-0003 3.30118016228198E-0003
-2.02677026688391E-0003 2.98768049658449E-0003
-1.98393863174218E-0003 2.70977129899208E-0003
-1.93183292367927E-0003 2.46337518302653E-0003
-1.87364056508343E-0003 2.24477476827545E-0003
-1.81174959495323E-0003 2.05061397525697E-0003
 1.38884865243938E-0002 0.00000000000000E+0000
 1.36024504491985E-0002 2.28622692011982E-0003
 1.27826472513277E-0002 4.38922275743181E-0003
 1.15336244338522E-0002 6.16117080095790E-0003
 9.99959269410056E-0003 7.51292378705415E-0003
 8.33263594901723E-0003 8.41921940013890E-0003
 6.66626110224655E-0003 8.90827125930116E-0003
 5.10040100201792E-0003 9.04299469326020E-0003
 3.69781487133380E-0003 8.90158509075434E-0003
 2.48847469670821E-0003 8.56240614128012E-0003
 1.47767769172624E-0003 8.09465572268664E-0003
 6.54611226963198E-0004 7.55422322923494E-0003
-4.23923434449396E-0007 6.98321061390317E-0003
-5.10797863050527E-0004 6.41135570626261E-0003
-9.00085837812092E-0004 5.85838373456227E-0003
-1.19020970378791E-0003 5.33632113142346E-0003
-1.40044247788573E-0003 4.85168931839297E-0003
-1.54720116016982E-0003 4.40716793922036E-0003
-1.64411066580072E-0003 4.00292580121686E-0003
-1.70225119255463E-0003 3.63749801658386E-0003
-1.73056343422573E-0003 3.30855620180515E-0003
-1.73616247171893E-0003 3.01327319601086E-0003
-1.72468276629623E-0003 2.74866549175812E-0003
-1.70052351745298E-0003 2.51178093520821E-0003
-1.66714759303588E-0003 2.29975827046047E-0003
-1.62724001025971E-0003 2.10997612039066E-0003
 1.18338997787504E-0002 0.00000000000000E+0000
 1.16258867078756E-0002 1.80280780112874E-0003
 1.10256818219483E-0002 3.48189211574024E-0003
 1.00993175949640E-0002 4.93412080552247E-0003
 8.94040980625732E-0003 6.09142621159720E-0003
 7.65182757285032E-0003 6.92577833392960E-0003
 6.32914661298400E-0003 7.44514899715654E-0003
 5.04966058964840E-0003 7.68378274175774E-0003
 3.86775631465142E-0003 7.69069370294062E-0003
 2.81556661196447E-0003 7.51949626734216E-0003
 1.90667714529980E-0003 7.22119018872291E-0003
 1.14106583141904E-0003 6.83992621225116E-0003
 5.09927300159418E-0004 6.41135570626261E-0003
-4.44985497167864E-0007 5.96266576324922E-0003
-4.05772029077323E-0004 5.51343498031542E-0003
-7.21933084242288E-0004 5.07710707888975E-0003
-9.63771851136386E-0004 4.66222061923816E-0003
-1.14460235675651E-0003 4.27376274607383E-0003
-1.27592248086295E-0003 3.91407335749960E-0003
-1.36750430834098E-0003 3.58375671772748E-0003
-1.42744911724968E-0003 3.28223428349617E-0003
-1.46244438990806E-0003 3.00819253851614E-0003
-1.47793767315640E-0003 2.75985854092653E-0003
-1.47830488342038E-0003 2.53531448029420E-0003
-1.46708688202146E-0003 2.33253841557257E-0003
-1.44710610726051E-0003 2.14956000180067E-0003
 1.02036572588560E-0002 0.00000000000000E+0000
 1.00487902780628E-0002 1.44673329010381E-0003
 9.59957274554313E-0003 2.80753703029646E-0003
 8.89903381165880E-0003 4.00892695621025E-0003
 8.00954184396119E-0003 4.99905563150094E-0003
 7.00188120977430E-0003 5.75173167189291E-0003
 5.94487284534750E-0003 6.26518019238631E-0003
 4.89751993811183E-0003 6.55699372870089E-0003
 3.90488588759652E-0003 6.65737007793155E-0003
 2.99712181477929E-0003 6.60249243269107E-0003
 2.19093696826178E-0003 6.42921966166199E-0003
 1.49225357762894E-0003 6.17147841219179E-0003
 8.99202429160084E-0004 5.85838373456227E-0003
 4.04882273975282E-0004 5.51343498031542E-0003
-4.53031900095931E-0007 5.15480812475033E-0003
-3.27697812767980E-0004 4.79583553074292E-0003
-5.87827117224826E-0004 4.44592319284709E-0003
-7.91197524848464E-0004 4.11126827398789E-0003
-9.47219174599390E-0004 3.79565368376689E-0003
-1.06413448112086E-0003 3.50112024620231E-0003
-1.14907883000193E-0003 3.22839131623809E-0003
-1.20806530198792E-0003 2.97733878996453E-0003
-1.24615649543713E-0003 2.74727094113203E-0003
-1.26755483328544E-0003 2.53710163690357E-0003
-1.27569437711550E-0003 2.34554953501487E-0003
-1.27342240161887E-0003 2.17127523776739E-0003
 8.88844311461412E-0003 0.00000000000000E+0000
 8.77080614780823E-0003 1.17875813939783E-0003
 8.42808103242021E-0003 2.29636122789501E-0003
 7.88910454105007E-0003 3.29942401987182E-0003
 7.19639948110995E-0003 4.14831171792684E-0003
 6.39955775030643E-0003 4.82019089404417E-0003
 5.54850057739031E-0003 5.30894803570447E-0003
 4.68813487169939E-0003 5.62260106680412E-0003
 3.85487104240667E-0003 5.77936045298344E-0003
 3.07529292280151E-0003 5.80335395432741E-0003
 2.36640560062185E-0003 5.72085405440248E-0003
 1.73698465868277E-0003 5.55747222212943E-0003
 1.18930423360730E-0003 5.33632113142346E-0003
 7.21024144868743E-0004 5.07710707888975E-0003
 3.26775398734824E-0004 4.79583553074292E-0003
-4.68001185503081E-0007 4.50501354850985E-0003
-2.68453510747335E-0004 4.21398161939379E-0003
-4.84959631108950E-0004 3.92942591660983E-0003
-6.57409997289804E-0004 3.65595651687300E-0003
-7.92573833354737E-0004 3.39650946933645E-0003
-8.96483558982197E-0004 3.15275322595454E-0003
-9.74438776335518E-0004 2.92546100856939E-0003
-1.03096526682833E-0003 2.71477563799394E-0003
-1.06995054303027E-0003 2.52027290487788E-0003
-1.09463682915312E-0003 2.34134040497835E-0003
-1.10777462608347E-0003 2.17709219863949E-0003
 7.81204497184973E-0003 0.00000000000000E+0000
 7.72108445816144E-0003 9.73284504952154E-0004
 7.45516393093482E-0003 1.90210610242936E-0003
 7.03408132383743E-0003 2.74699348247154E-0003
 6.48743475302638E-0003 3.47743611830253E-0003
 5.85053001955060E-0003 4.07416823752982E-0003
 5.15998672057805E-0003 4.52950225278670E-0003
 4.44995312872010E-0003 4.84606478990202E-0003
 3.74953808080392E-0003 5.03445799706981E-0003
 3.08136550090410E-0003 5.11057285742567E-0003
 2.46134856336511E-0003 5.09293874302585E-0003
 1.89921960147998E-0003 5.00063646715887E-0003
 1.39953489310685E-0003 4.85168931839297E-0003
 9.62853886668391E-0004 4.66222061923816E-0003
 5.86888566675547E-0004 4.44592319284709E-0003
 2.67503805805092E-0004 4.21398161939379E-0003
-4.80435058173266E-0007 3.97516706017598E-0003
-2.22689272838972E-0004 3.73620972242605E-0003
-4.04772279342769E-0004 3.50202188940685E-0003
-5.52119604226853E-0004 3.27605417903243E-0003
-6.69739436337302E-0004 3.06056985498415E-0003
-7.62118237767950E-0004 2.85697861813361E-0003
-8.33224362776441E-0004 2.66600295906372E-0003
-8.86547493024636E-0004 2.48781915738050E-0003
-9.25061981893016E-0004 2.32231878503342E-0003
-9.51347644392087E-0004 2.16914479605634E-0003
 6.91995309578175E-0003 0.00000000000000E+0000
 6.84852662375590E-0003 8.13137475491388E-0004
 6.63910058024442E-0003 1.59333013210983E-0003
 6.30555541781064E-0003 2.31092505866570E-0003
 5.86891940702117E-0003 2.94225156022421E-0003
 5.35472140721538E-0003 3.47129662705115E-0003
 4.79006144837513E-0003 3.89018478030678E-0003
 4.20106560429900E-0003 4.19855403747960E-0003
 3.61082063185592E-0003 4.40226515515718E-0003
 3.03824021740340E-0003 4.51160438473153E-0003
 2.49752727350838E-0003 4.53952696380355E-0003
 1.99833623335266E-0003 4.50008526614454E-0003
 1.54628229737419E-0003 4.40716793922036E-0003
 1.14365624145485E-0003 4.27376274607383E-0003
 7.90243085257991E-0004 4.11126827398789E-0003
 4.83996472312231E-0004 3.92942591660983E-0003
 2.21717254059506E-0004 3.73620972242605E-0003
-4.90544886972907E-0007 3.53801021113398E-0003
-1.86779964700401E-0004 3.33969148896784E-0003
-3.41328923594730E-0004 3.14494600378268E-0003
-4.68149287564223E-0004 2.95638505457418E-0003
-5.70965985581928E-0004 2.77580223909624E-0003
-6.53196850400661E-0004 2.60434152228584E-0003
-7.17871388357771E-0004 2.44265948742850E-0003
-7.67661728061420E-0004 2.29101871519433E-0003
-8.04928933487048E-0004 2.14938897123318E-0003
 6.17236251491704E-0003 0.00000000000000E+0000
 6.11549884765594E-0003 6.86502141938661E-0004
 5.94836106296270E-0003 1.34817989363789E-0003
 5.68087570107423E-0003 1.96243257632744E-0003
 5.32824482950645E-0003 2.51073222747422E-0003
 4.90916857317814E-0003 2.97987300347913E-0003
 4.44396984687501E-0003 3.36241037648577E-0003
 3.95268518790459E-0003 3.65645792704328E-0003
 3.45366189827701E-0003 3.86488902118032E-0003
 2.96247746732803E-0003 3.99422458993115E-0003
 2.49150577348090E-0003 4.05344369723082E-0003
 2.04976237662535E-0003 4.05279126304237E-0003
 1.64316171358969E-0003 4.00292580121686E-0003
 1.27496825957429E-0003 3.91407335749960E-0003
 9.46249272078425E-0004 3.79565368376689E-0003
 6.56433676176071E-0004 3.65595651687300E-0003
 4.03779405337978E-0004 3.50202188940685E-0003
 1.85780152579751E-0004 3.33969148896784E-0003
-5.08284659446814E-0007 3.17363666386328E-0003
-1.58219407204729E-0004 3.00751584011039E-0003
-2.90486376550714E-0004 2.84408134766778E-0003
-4.00358716956095E-0004 2.68539516756050E-0003
-4.90665919218536E-0004 2.53285899396616E-0003
-5.64013092170690E-0004 2.38739940815336E-0003
-6.22751930236198E-0004 2.24963687628232E-0003
-6.68968751859289E-0004 2.11980775124943E-0003
 5.53967610942152E-0003 0.00000000000000E+0000
 5.49384725624691E-0003 5.85072629767147E-0004
 5.35887236586063E-0003 1.15115574861058E-0003
 5.14195547767571E-0003 1.68079490432582E-0003
 4.85425732848199E-0003 2.15936219122170E-0003
 4.50969696321835E-0003 2.57597927397057E-0003
 4.12364375314667E-0003 2.92392816330178E-0003
 3.71158438009545E-0003 3.20058627922393E-0003
 3.28809295165655E-0003 3.40700737559985E-0003
 2.86594870765100E-0003 3.54718506936180E-0003
 2.45573427512724E-0003 3.62728460263639E-0003
 2.06557795198847E-0003 3.65469080169589E-0003
 1.70129231699612E-0003 3.63749801658386E-0003
 1.36653275936638E-0003 3.58375671772748E-0003
 1.06315929010137E-0003 3.50112024620231E-0003
 7.91584540449364E-0004 3.39650946933645E-0003
 5.51125660565255E-0004 3.27605417903243E-0003
 3.40320258748417E-0004 3.14494600378268E-0003
 1.57195807497512E-0004 3.00751584011039E-0003
-5.14386128045406E-0007 2.86726058563147E-0003
-1.35205006501327E-0004 2.72696158363317E-0003
-2.49276926861164E-0004 2.58874510477014E-0003
-3.45052548769598E-0004 2.45420182821121E-0003
-4.24720460780570E-0004 2.32443289264950E-0003
-4.90303517688417E-0004 2.20029255463672E-0003
-5.43632788065018E-0004 2.08222026879312E-0003
 4.99949849672277E-0003 0.00000000000000E+0000
 4.96215377290810E-0003 5.02893841256125E-0004
 4.85197208037391E-0003 9.91063969760120E-0004
 4.67427340350213E-0003 1.45086615805567E-0003
 4.43737163951852E-0003 1.87064690543615E-0003
 4.15174734557411E-0003 2.24145454909674E-0003
 3.82914757546615E-0003 2.55734571578614E-0003
 3.48162406585573E-0003 2.81545149583096E-0003
 3.12077681125444E-0003 3.01572677933493E-0003
 2.75709105627442E-0003 3.16048993983387E-0003
 2.39949829191843E-0003 3.25384925553607E-0003
 2.05518569958230E-0003 3.30118016228198E-0003
 1.72959537254158E-0003 3.30855620180515E-0003
 1.42647065967338E-0003 3.28223428349617E-0003
 1.14807923259264E-0003 3.22839131623809E-0003
 8.95481782116292E-0004 3.15275322595454E-0003
 6.68725185639651E-0004 3.06056985498415E-0003
 4.67122152262966E-0004 2.95638505457418E-0003
 2.89455905127411E-0004 2.84408134766778E-0003
 1.34161378109177E-0004 2.72696158363317E-0003
-5.28438927246619E-0007 2.60769169451436E-0003
-1.16468706178763E-0004 2.48836288276522E-0003
-2.15518735460662E-0004 2.37066727097002E-0003
-2.99482361963310E-0004 2.25583847380051E-0003
-3.70068074544427E-0004 2.14482636854996E-0003
-4.28855114345428E-0004 2.03824782192541E-0003
 4.53463596048209E-0003 0.00000000000000E+0000
 4.50390050234972E-0003 4.35619876689053E-0004
 4.41308101576254E-0003 8.59687764690698E-0004
 4.26616166431870E-0003 1.26140362594462E-0003
 4.06941853612608E-0003 1.63143190542847E-0003
 3.83083612085500E-0003 1.96236407198214E-0003
 3.55947078217156E-0003 2.24902521588533E-0003
 3.26479616999720E-0003 2.48855028885231E-0003
 2.95605750964256E-0003 2.68026738240223E-0003
 2.64184527066291E-0003 2.82536172601056E-0003
 2.32966352517394E-0003 2.92655809691666E-0003
 2.02580075333003E-0003 2.98768049658449E-0003
 1.73518591402555E-0003 3.01327319601086E-0003
 1.46144975802898E-0003 3.00819253851614E-0003
 1.20706144108773E-0003 2.97733878996453E-0003
 9.73424829393110E-0004 2.92546100856939E-0003
 7.61093721677319E-0004 2.85697861813361E-0003
 5.69930373873540E-0004 2.77580223909624E-0003
 3.99311801883240E-0004 2.68539516756050E-0003
 2.48218473535733E-0004 2.58874510477014E-0003
 1.15398604212391E-0004 2.48836288276522E-0003
-5.40904689656785E-0007 2.38628536582652E-0003
-1.01055121857763E-0004 2.28421629948983E-0003
-1.87601976996854E-0004 2.18338764875625E-0003
-2.61599494082887E-0004 2.08484536985054E-0003
-3.24396657304771E-0004 1.98934370846970E-0003
 4.13171150574243E-0003 0.00000000000000E+0000
 4.10618611625324E-0003 3.80032409390552E-0004
 4.03065315929041E-0003 7.50895428088150E-0004
 3.90816361010593E-0003 1.10397032790921E-0003
 3.74348435877181E-0003 1.43169482727501E-0003
 3.54277469628528E-0003 1.72792017496626E-0003
 3.31308698956789E-0003 1.98819985908116E-0003
 3.06190344788604E-0003 2.20979520310038E-0003
 2.79664340476771E-0003 2.39167791938755E-0003
 2.52433705634303E-0003 2.53430320594461E-0003
 2.25130525224770E-0003 2.63945403145627E-0003
 1.98294960958378E-0003 2.70977129899208E-0003
 1.72367896675141E-0003 2.74866549175812E-0003
 1.47692764537410E-0003 2.75985854092653E-0003
 1.24513907821289E-0003 2.74727094113203E-0003
 1.02993966954301E-0003 2.71477563799394E-0003
 8.32189976105902E-0004 2.66600295906372E-0003
 6.52153132821631E-0004 2.60434152228584E-0003
 4.89612509967152E-0004 2.53285899396616E-0003
 3.43979354788360E-0004 2.45420182821121E-0003
 2.14435483130826E-0004 2.37066727097002E-0003
 9.99616569758999E-0005 2.28421629948983E-0003
-5.51857135299913E-0007 2.19640858998105E-0003
-8.82592354248812E-0005 2.10862438813209E-0003
-1.64316553068478E-0004 2.02181318628547E-0003
-2.29850838521672E-0004 1.93684945772965E-0003
 3.78019128493889E-0003 0.00000000000000E+0000
 3.75881759785912E-0003 3.33709874827282E-0004
 3.69549651116685E-0003 6.60070160536819E-0004
 3.59256575875833E-0003 9.72129418474132E-0004
 3.45372245339703E-0003 1.26372051439994E-0003
 3.28376093189675E-0003 1.52974028422470E-0003
 3.08820174430835E-0003 1.76633694009176E-0003
 2.87299589657053E-0003 1.97099395278855E-0003
 2.64415476694779E-0003 2.14253716958979E-0003
 2.40742174866071E-0003 2.28093441580057E-0003
 2.16810346296015E-0003 2.38726751067020E-0003
 1.93082533567512E-0003 2.46337518302653E-0003
 1.69951287548997E-0003 2.51178093520821E-0003
 1.47728007961412E-0003 2.53531448029420E-0003
 1.26652453514531E-0003 2.53710163690357E-0003
 1.06891377247464E-0003 2.52027290487788E-0003
 8.85493857387232E-0004 2.48781915738050E-0003
 7.16810093374320E-0004 2.44265948742850E-0003
 5.62943659436321E-0004 2.38739940815336E-0003
 4.23642600923646E-0004 2.32443289264950E-0003
 2.98386070814782E-0004 2.25583847380051E-0003
 1.86496912314649E-0004 2.18338764875625E-0003
 8.71452959630981E-0005 2.10862438813209E-0003
-5.61438111483341E-0007 2.03277343391406E-0003
-7.75481056922711E-0005 1.95691684491450E-0003
-1.44740877516369E-0004 1.88189853754395E-0003
 3.47168918785457E-0003 0.00000000000000E+0000
 3.45365662657571E-0003 2.94811139863516E-0004
 3.40017918801294E-0003 5.83671556664278E-0004
 3.31307374984746E-0003 8.60935132337204E-0004
 3.19522550641693E-0003 1.12153695813078E-0003
 3.05039239124127E-0003 1.36120765636427E-0003
 2.88297237491619E-0003 1.57663346836401E-0003
 2.69770219436438E-0003 1.76555506856957E-0003
 2.49945779421168E-0003 1.92668494039339E-0003
 2.29299276346140E-0003 2.05978245411487E-0003
 2.08271755795408E-0003 2.16537759449764E-0003
 1.87261523772264E-0003 2.24477476827545E-0003
 1.66612105368813E-0003 2.29975827046047E-0003
 1.46605776419939E-0003 2.33253841557257E-0003
 1.27465166392859E-0003 2.34554953501487E-0003
 1.09358940289184E-0003 2.34134040497835E-0003
 9.23999252242957E-0004 2.32231878503342E-0003
 7.66592905520724E-0004 2.29101871519433E-0003
 6.21666749707650E-0004 2.24963687628232E-0003
 4.89211384398835E-0004 2.20029255463672E-0003
 3.68958959250598E-0004 2.14482636854996E-0003
 2.60482949400842E-0004 2.08484536985054E-0003
 1.63192514549326E-0004 2.02181318628547E-0003
 7.64163990120137E-0005 1.95691684491450E-0003
-5.69639491894945E-0007 1.89115720358579E-0003
-6.85137549150117E-0005 1.82540959191257E-0003
 3.19945238480557E-0003 0.00000000000000E+0000
 3.18413297032194E-0003 2.61912997884028E-0004
 3.13866079687841E-0003 5.18969456803298E-0004
 3.06446193307508E-0003 7.66542380048030E-0004
 2.96381962676406E-0003 1.00044192600102E-0003
 2.83969187862354E-0003 1.21708303468004E-0003
 2.69559172183165E-0003 1.41363159562502E-0003
 2.53535181558462E-0003 1.58803601779134E-0003
 2.36294767758949E-0003 1.73904510157108E-0003
 2.18227745942201E-0003 1.86623165932076E-0003
 1.99706627793361E-0003 1.96979843572009E-0003
 1.81071722326642E-0003 2.05061397525697E-0003
 1.62619835034050E-0003 2.10997612039066E-0003
 1.44606349597076E-0003 2.14956000180067E-0003
 1.27235815568483E-0003 2.17127523776739E-0003
 1.10670727994666E-0003 2.17709219863949E-0003
 9.50276356399549E-0004 2.16914479605634E-0003
 8.03843308441188E-0004 2.14938897123318E-0003
 6.67877971054942E-0004 2.11980775124943E-0003
 5.42536425656159E-0004 2.08222026879312E-0003
 4.27752878109366E-0004 2.03824782192541E-0003
 3.23268783375408E-0004 1.98934370846970E-0003
 2.28716674316676E-0004 1.93684945772965E-0003
 1.43600438431202E-0004 1.88189853754395E-0003
 6.73668467816579E-0005 1.82540959191257E-0003
-5.76676663497332E-0007 1.76825109683065E-0003
