1936
n     0   1    7825  -9.99849999999860E+0001
n     1   1   14102  -1.50000000000148E-0002
b     2   1   16049   3.87450000000000E+0008
n     1   2   16029  -1.38000000000194E-0004
n     2   2    2603  -9.99998599999817E+0001
b     4   2   18886   8.07999999999993E-0001
b     6   2   33920   1.21999999999957E-0001
b     2   3   12539   8.44000000000051E-0001
n     3   3   15121  -7.50000000000000E+0000
n     4   3   16003  -9.25000000000000E+0001
b     5   3   22485   8.40000000000146E-0001
b     6   3   26789   1.78000000000111E-0001
e     3   4   16928   4.60512000000000E+0006
a     4   4    5305   7.00000000001199E-0017
n     5   4   12182  -1.00000000000000E+0002
b     6   4   13534   5.04000000000000E+0013
b     7   4   21658   1.38000000000029E+0001
e     3   5   24605   7.71999999999935E-0001
a     4   5   13328   8.50000000000004E-0019
n     5   5   12937  -1.97999999999884E+0001
n     6   5    9305  -8.01999999999534E+0001
b     7   5   14352   2.01999999999884E-0002
b     8   5   17780   1.72999999999774E-0002
e     3   6   31039   1.26999999999953E-0001
e     4   6   16858   1.92999999999884E+0001
e     5   6   11433   1.21800000000000E+0003
n     6   6       0  -9.89000000000233E+0001
n     7   6    3355  -1.10000000000036E+0000
b     8   6    3241   1.80495000000000E+0011
b     9   6   10599   2.45000000000073E+0000
b    10   6   14701   7.50000000000000E-0001
e     5   7   18613   1.09999999999957E-0002
e     6   7    5738   5.98200000000186E+0002
n     7   7    3074  -9.96300000000047E+0001
n     8   7     109  -3.70000000000346E-0001
b     9   7    6099   7.12999999999738E+0000
b    10   7    8450   4.16999999999825E+0000
b    11   7   14081   6.30000000000109E-0001
b    12   7   17040   4.20000000000073E-0001
e     5   8   28100   8.89999999998281E-0003
e     6   8    8595   7.10000000000000E+0001
e     7   8    3065   1.22000000000000E+0002
n     8   8  994915  -9.97600000000093E+0001
n     9   8  999131  -3.80000000000678E-0002
n    10   8  999160  -2.03999999999951E-0001
b    11   8    3577   2.68999999999942E+0001
b    12   8    4075   1.35000000000000E+0001
b    13   8    8730   3.13999999999942E+0000
e     8   9    2095   6.46999999999534E+0001
e     9   9     937   6.58800000000000E+0003
n    10   9  998403  -1.00000000000000E+0002
b    11   9  999981   1.10000000000000E+0001
b    12   9  999948   4.33000000000175E+0000
b    13   9    3030   4.22999999999593E+0000
b    14   9    3600   2.20000000000073E+0000
e     7  10   17690   1.09000000000037E-0001
e     8  10    5710   1.67000000000007E+0000
e     9  10    1879   1.72200000000012E+0001
n    10  10  992435  -9.05100000000093E+0001
n    11  10  993843  -2.69999999999982E-0001
n    12  10  991383  -9.22000000000116E+0000
b    13  10  994465   3.72000000000116E+0001
b    14  10  993613   2.02800000000047E+0002
b    15  10  997690   6.10000000000582E-0001
e     8  11   13879   3.00000000000296E-0002
e     9  11    7344   4.50000000000273E-0001
e    10  11  997650   2.25000000000000E+0001
e    11  11  994434   8.19000000000000E+0007
n    12  11  989767  -1.00000000000000E+0002
b    13  11  990961   5.40000000000000E+0004
b    14  11  989953   6.00000000000000E+0001
b    15  11  992586   1.10000000000036E+0000
b    16  11  993940   3.00000000000182E-0001
b    17  11  978780   2.99999999999727E-0002
b    18  11    2830   4.29999999999495E-0002
b    19  11    8800   5.29999999999973E-0002
b    20  11   12680   1.69999999999959E-0002
e     8  12   18864   1.00000000000023E-0001
e     9  12   11716   1.23000000000047E-0001
e    10  12  999574   3.86000000000058E+0000
e    11  12  994124   1.13000000000029E+0001
n    12  12  985042  -7.89899999999907E+0001
n    13  12  985837  -1.00000000000000E+0001
n    14  12  982593  -1.10099999999948E+0001
b    15  12  984341   5.67599999999627E+0002
b    16  12  983876   7.56000000000000E+0004
b    17  12  988480   1.39999999999964E+0000
b    18  12  990230   3.30000000000382E-0001
b    19  12  995930   2.50000000000000E-0001
e     9  13   79370   6.99999999999363E-0002
e    11  13  999941   2.06999999999971E+0000
e    12  13  990429   7.18000000000029E+0000
e    13  13  986892   2.26800000000000E+0013
n    14  13  981539  -1.00000000000000E+0002
b    15  13  981910   1.34400000000140E+0002
b    16  13  980446   3.96000000000000E+0002
b    17  13  982940   3.70000000000073E+0000
b    18  13  983800   6.40000000000327E-0001
e    10  14   11546   9.99999999999890E-0005
e    11  14    4109   2.19999999999800E-0001
e    12  14  992330   2.20999999999913E+0000
e    13  14  986704   4.30000000000291E+0000
n    14  14  976927  -9.22299999999814E+0001
n    15  14  976495  -4.66999999999825E+0000
n    16  14  973770  -3.09999999999854E+0000
b    17  14  975362   9.43200000000000E+0003
b    18  14  974148   3.30750000000000E+0009
b    19  14  977920   6.19999999999709E+0000
b    20  14  976360   2.79999999999927E+0000
e    11  15   12080   1.99999999999818E-0002
e    13  15  992313   2.69999999999982E-0001
e    14  15  981308   4.13999999999942E+0000
e    15  15  978307   1.50000000000000E+0002
n    16  15  973762  -1.00000000000000E+0002
b    17  15  973907   1.23379200000000E+0006
b    18  15  971725   2.18592000000000E+0006
b    19  15  973636   1.23999999999942E+0001
b    20  15  973232   4.70000000000000E+0001
b    21  15  977570   5.90000000000146E+0000
e    13  16  996610   1.90000000000055E-0001
e    14  16  984903   1.18000000000029E+0000
e    15  16  979554   2.54999999999927E+0000
n    16  16  972070  -9.50200000000186E+0001
n    17  16  971456  -7.50000000000000E-0001
n    18  16  967866  -4.20999999999913E+0000
b    19  16  969031   7.53407999999237E+0006
n    20  16  967080  -2.00000000000102E-0002
b    21  16  971125   3.03000000000000E+0002
b    22  16  971162   1.02240000000000E+0004
b    23  16  965310   1.15000000000000E+0001
e    14  17  992410   1.50000000000091E-0001
e    15  17  985690   2.97000000000025E-0001
e    16  17  977451   2.50999999999840E+0000
e    17  17  973763   1.53000000000065E+0000
n    18  17  968852  -7.57699999999022E+0001
b    19  17  968306   9.45000000000000E+0012
n    20  17  965903  -2.42300000000105E+0001
b    21  17  968010   2.23200000000000E+0003
b    22  17  968005   3.34200000000000E+0003
b    23  17  970440   8.09999999998836E+0001
b    24  17  970590   3.40000000000000E+0001
e    14  18  997660   1.00000000000023E-0001
e    15  18  989930   1.69999999999959E-0002
e    16  18  980269   8.44000000000051E-0001
e    17  18  975256   1.78000000000065E+0000
n    18  18  967545  -3.37000000000444E-0001
e    19  18  966776   3.02400000000000E+0006
n    20  18  962732  -6.30000000001019E-0002
b    21  18  964314   8.47350000000000E+0009
n    22  18  962384  -9.95999999999767E+0001
b    23  18  964501   6.58800000000745E+0003
b    24  18  963050   1.03950000000000E+0009
b    25  18  965670   3.24000000000000E+0002
b    26  18  963650   7.14000000000000E+0002
b    27  18  968090   2.10000000000000E+0001
e    16  19  988011   1.90000000000055E-0001
e    17  19  981293   3.42000000000098E-0001
e    18  19  973377   1.23000000000138E+0000
e    19  19  969080   4.56600000000093E+0002
n    20  19  963707  -9.32600000000093E+0001
b    21  19  963999   4.03200000000655E+0016
n    22  19  961825  -6.72999999999593E+0000
b    23  19  962402   4.46400000000000E+0004
b    24  19  960717   8.02800000000000E+0004
b    25  19  960156   1.32600000000000E+0003
b    26  19  960696   1.02000000000000E+0003
b    27  19  961976   1.15000000000000E+0002
b    28  19  961677   1.75000000000000E+0001
b    29  19  965514   6.90000000000000E+0001
b    30  19  966940   1.29999999999927E+0000
e    16  20  993090   1.00000000000023E-0001
e    17  20  985873   1.74999999999955E-0001
e    18  20  976318   4.40000000000055E-0001
e    19  20  970718   8.60000000000582E-0001
n    20  20  962591  -9.69400000000605E+0001
e    21  20  962278   3.15000000000000E+0012
n    22  20  958618  -6.46999999999935E-0001
n    23  20  958766  -1.35000000000218E-0001
n    24  20  955480  -2.09000000000015E+0000
b    25  20  956185   1.42560000000000E+0007
n    26  20  953689  -3.50000000000250E-0003
b    27  20  954543   3.92256000000000E+0005
n    28  20  952533  -1.87000000000126E-0001
b    29  20  955672   5.23200000000186E+0002
b    30  20  957519   1.40000000000000E+0001
b    31  20  961420   1.00000000000000E+0001
e    19  21  977963   1.82000000000016E-0001
e    20  21  969250   5.96000000000458E-0001
e    21  21  965514   6.80000000000291E-0001
e    22  21  961150   1.40040000000000E+0004
e    23  21  959404   1.41480000000000E+0004
n    24  21  955910  -1.00000000000000E+0002
b    25  21  955170   7.24032000000763E+0006
b    26  21  952409   2.89440000000000E+0005
b    27  21  952235   1.57320000000000E+0005
b    28  21  950022   3.42000000000000E+0003
b    29  21  952186   1.02600000000093E+0002
b    30  21  953602   1.23999999999942E+0001
e    19  22  983150   7.99999999999272E-0002
e    20  22  973031   2.00000000000045E-0001
e    21  22  968523   4.90000000000236E-0001
e    22  22  959690   1.48050000000000E+0009
e    23  22  958124   1.10808000000119E+0004
n    24  22  952429  -8.19999999999709E+0000
n    25  22  951764  -7.40000000000146E+0000
n    26  22  947947  -7.36999999999534E+0001
n    27  22  947871  -5.40000000000146E+0000
n    28  22  944792  -5.19999999999709E+0000
b    29  22  946616   3.45599999999627E+0002
b    30  22  946898   1.02000000000000E+0002
b    31  22  949730   3.27000000000116E+0001
e    21  23  974450   9.00000000000318E-0002
e    23  23  960198   2.20000000000027E-0001
e    24  23  954906   1.87800000000000E+0003
e    25  23  952257   1.38067200000000E+0006
e    26  23  948517   2.85984000000000E+0007
n    27  23  947161  -2.50000000000000E-0001
n    28  23  943962  -9.97500000000000E+0001
b    29  23  944778   2.25600000000093E+0002
b    30  23  944340   9.66000000000931E+0001
b    31  23  946442   4.97999999999884E+0001
b    32  23  947240   6.50000000000000E+0000
e    21  24  979110   5.00000000000114E-0002
e    22  24  968360   2.60000000000218E-0001
e    23  24  962905   5.10000000000218E-0001
e    24  24  954033   7.77600000000000E+0004
e    25  24  951338   2.51400000000000E+0003
n    26  24  946046  -4.35000000000582E+0000
e    27  24  944768   2.39328000000000E+0006
n    28  24  940510  -8.37899999999208E+0001
n    29  24  940651  -9.50000000000000E+0000
n    30  24  938882  -2.36000000000058E+0000
b    31  24  940842   2.10000000000000E+0002
b    32  24  940643   3.54000000000000E+0002
b    33  24  943440   2.10000000000000E+0001
e    24  25  951338   3.80000000000109E-0001
e    25  25  954239   2.38000000000056E-0001
e    26  25  948213   2.77200000000000E+0003
e    27  25  945568   4.82975999999523E+0005
e    28  25  941291   1.16550000000000E+0014
e    29  25  940361   2.69568000000000E+0007
n    30  25  938047  -1.00000000000000E+0002
b    31  25  938906   9.28439999999106E+0003
b    32  25  938285   8.69999999998836E+0001
b    33  25  940060   6.50000000000000E+0001
b    34  25  940440   4.59999999999854E+0000
b    35  25  943210   1.80000000000109E+0000
e    25  26  956825   2.50000000000000E-0001
e    26  26  948114   2.98080000000000E+0004
e    27  26  945310   5.10599999999627E+0002
n    28  26  939612  -5.80000000000291E+0000
e    29  26  938296   8.50500000000000E+0007
n    30  26  934939  -9.17199999999721E+0001
n    31  26  935396  -2.20000000000073E+0000
n    32  26  933277  -2.80000000000200E-0001
b    33  26  934877   3.84566400000000E+0006
b    34  26  934078   4.72500000000000E+0013
b    35  26  936748   3.60000000000000E+0002
b    36  26  936773   6.80000000000000E+0001
b    37  26  940750   4.90000000000146E+0000
e    26  27  954225   2.60000000000218E-0001
e    27  27  948460   1.90000000000055E-0001
e    28  27  942001   6.30000000000000E+0004
e    29  27  939841   6.71327999999237E+0006
e    30  27  936294   2.34144000000000E+0007
e    31  27  935755   6.12662400000000E+0006
n    32  27  933198  -1.00000000000000E+0002
b    33  27  933819   1.66068000000000E+0008
b    34  27  932478   5.94000000000000E+0003
b    35  27  934060   9.00000000000000E+0001
b    36  27  933614   2.75000000000000E+0001
b    37  27  935812   3.00000000000182E-0001
e    25  28  968430   5.00000000000114E-0002
e    27  28  951336   1.90000000000055E-0001
e    28  28  942124   5.27040000000000E+0005
e    29  28  939799   1.29959999999881E+0005
n    30  28  935346  -6.82699999999022E+0001
e    31  28  934349   2.39400000000000E+0012
n    32  28  930788  -2.61000000000058E+0001
n    33  28  931058  -1.13000000000102E+0000
n    34  28  928346  -3.59000000000015E+0000
b    35  28  929669   3.15000000000000E+0009
n    36  28  927968  -9.10000000000764E-0001
b    37  28  930086   9.07200000000000E+0003
b    38  28  929116   1.97280000000000E+0005
b    39  28  931570   2.00000000000000E+0001
e    29  29  944538   3.20999999999913E+0000
e    30  29  939503   8.20000000000000E+0001
e    31  29  937366   1.39200000000000E+0003
e    32  29  933461   1.22760000000000E+0004
e    33  29  932586   5.84399999999441E+0002
n    34  29  929598  -6.91699999999255E+0001
e    35  29  929765   4.57236000000238E+0004
n    36  29  927793  -3.08299999999872E+0001
b    37  29  928872   3.06000000000000E+0002
b    38  29  927747   2.22840000000000E+0005
b    39  29  929620   3.10000000000000E+0001
b    40  29  929425   1.80000000000000E+0002
b    41  29  932386   5.00000000000000E+0000
b    42  29  932560   2.00000000000000E+0001
e    29  30  949270   1.83999999999969E-0001
e    30  30  941830   1.44000000000000E+0002
e    31  30  939514   8.90999999999767E+0001
e    32  30  934332   3.33360000000000E+0004
e    33  30  933214   2.28600000000000E+0003
n    34  30  929145  -4.85999999999767E+0001
e    35  30  929243   2.10643200000000E+0007
n    36  30  926034  -2.78999999999942E+0001
n    37  30  927129  -4.09999999999854E+0000
n    38  30  924846  -1.87999999999884E+0001
b    39  30  926552   3.42000000000000E+0003
n    40  30  925325  -6.00000000000364E-0001
b    41  30  927727   1.44000000000000E+0002
b    42  30  926856   1.67400000000000E+0005
b    43  30  929780   2.40000000000000E+0001
b    44  30  929461   9.60000000000000E+0001
b    45  30  932690   1.01999999999971E+0001
b    46  30  932940   5.69999999999709E+0000
b    47  30  936750   1.39999999999964E+0000
b    48  30  937780   1.50000000000000E+0000
e    31  31  944178   1.15999999999985E-0001
e    32  31  939140   3.20000000000000E+0001
e    33  31  936836   1.56000000000000E+0002
e    34  31  932738   9.12000000000000E+0002
e    35  31  931590   3.38400000000000E+0004
e    36  31  928204   2.81880000000000E+0005
e    37  31  927981   4.08600000000000E+0003
n    38  31  925580  -6.00999999999767E+0001
b    39  31  926028   1.26600000000000E+0003
n    40  31  924700  -3.99000000000233E+0001
b    41  31  926365   5.07600000000000E+0004
b    42  31  925169   1.75320000000000E+0004
b    43  31  926940   4.86000000000466E+0002
b    44  31  926499   1.25999999999884E+0002
b    45  31  928670   2.91000000000058E+0001
b    46  31  938700   1.30000000000000E+0001
b    47  31  931760   5.08999999999651E+0000
b    48  31  932530   3.00000000000000E+0000
b    49  31  936250   1.65999999999985E+0000
b    50  31  937750   1.23000000000138E+0000
e    32  32  941570   6.30000000000000E+0001
e    33  32  939440   3.10000000000000E+0001
e    34  32  933847   8.17200000000000E+0003
e    35  32  932737   1.14000000000000E+0003
e    36  32  928096   2.48832000000000E+0007
e    37  32  927969   1.40760000000000E+0005
n    38  32  924250  -2.05000000000000E+0001
e    39  32  924953   9.67680000000000E+0005
n    40  32  922079  -2.73999999999942E+0001
n    41  32  923463  -7.80000000000291E+0000
n    42  32  921177  -3.65000000000000E+0001
b    43  32  922858   4.96800000000000E+0003
n    44  32  921401  -7.80000000000291E+0000
b    45  32  923548   4.06800000000000E+0004
b    46  32  922853   5.21999999999255E+0003
b    47  32  925360   4.20000000000000E+0001
b    48  32  925520   2.90000000000000E+0001
b    49  32  928820   7.59999999999854E+0000
b    50  32  929810   4.59999999999854E+0000
b    51  32  934250   1.89999999999964E+0000
e    34  33  939190   4.30000000000000E+0001
e    35  33  936790   1.51800000000047E+0002
e    37  33  932280   9.06000000000000E+0002
e    37  33  930929   3.18000000000000E+0003
e    38  33  927114   2.19600000000000E+0005
e    39  33  926755   9.36000000000000E+0004
e    40  33  923827   6.93792000000763E+0006
e    41  33  923928   1.53791999999809E+0006
n    42  33  921594  -1.00000000000000E+0002
b    43  33  922393   9.46800000000000E+0004
b    44  33  920646   1.39680000000000E+0005
b    45  33  921830   5.46000000000000E+0003
b    46  33  920946   5.40000000000000E+0002
b    47  33  922528   1.60000000000000E+0001
b    48  33  922131   3.30000000000000E+0001
b    49  33  924769   1.90000000000000E+0001
b    50  33  924980   1.30000000000000E+0001
b    51  33  929060   5.50000000000000E+0000
b    52  33  931820   2.02999999999884E+0000
e    35  34  939570   2.73999999999942E+0001
e    36  34  933880   2.46600000000000E+0003
e    37  34  932270   2.82000000000000E+0002
e    38  34  927110   7.25759999999046E+0005
e    39  34  926768   2.55600000000000E+0004
n    40  34  922475  -9.00000000000546E-0001
e    41  34  922522   1.02384000000000E+0007
n    42  34  919212  -9.00000000000000E+0000
n    43  34  919913  -7.59999999999854E+0000
n    44  34  917308  -2.35000000000000E+0001
b    45  34  918498   1.89000000000200E+0012
n    46  34  916520  -4.95999999999767E+0001
b    47  34  917990   1.11000000000000E+0003
n    48  34  916698  -9.19999999999709E+0000
b    49  34  919117   1.35000000000000E+0003
b    50  34  918463   1.98000000000000E+0002
b    51  34  922260   3.20000000000000E+0001
b    52  34  924270   1.50000000000000E+0001
b    53  34  928390   5.59999999999854E+0000
e    37  35  936630   7.85999999999767E+0001
e    38  35  931680   2.04000000000000E+0002
e    39  35  929898   1.51800000000000E+0003
e    40  35  925753   5.88000000000000E+0003
e    41  35  924528   5.79600000000000E+0004
e    42  35  921378   2.05200000000000E+0005
e    43  35  921144   3.87600000000093E+0002
n    44  35  918336  -5.06900000000023E+0001
b    45  35  918528   1.05600000000000E+0003
n    46  35  916289  -4.93099999999977E+0001
b    47  35  916802   1.27080000000000E+0005
b    48  35  915179   8.60400000000000E+0003
b    49  35  916503   1.90800000000000E+0003
b    50  35  915612   1.72199999999953E+0002
b    51  35  918800   1.05599999999977E+0002
b    52  35  920690   5.60999999999767E+0001
b    53  35  924080   1.63999999999942E+0001
b    54  35  926550   4.40000000000146E+0000
b    55  35  931010   1.89999999999964E+0000
e    36  36  942060   1.70000000000000E+0001
e    37  36  938920   2.70000000000000E+0001
e    38  36  933290   6.90000000000000E+0002
e    39  36  931029   2.70000000000000E+0002
e    40  36  925595   5.32800000000000E+0004
e    41  36  924610   4.46400000000745E+0003
n    42  36  920396  -3.50000000000364E-0001
e    43  36  920084   1.26000000000000E+0005
n    44  36  916380  -2.25000000000000E+0000
e    45  36  916590   6.61500000000000E+0012
n    46  36  913482  -1.16000000000058E+0001
n    47  36  914135  -1.15000000000000E+0001
n    48  36  911507  -5.70000000000000E+0001
b    49  36  912531   3.37680000000000E+0008
n    50  36  910616  -1.72999999999884E+0001
b    51  36  913360   4.57800000000000E+0003
b    52  36  914553   1.02240000000000E+0004
b    53  36  917640   1.89600000000093E+0002
b    54  36  919520   3.22999999999884E+0001
b    55  36  923380   8.60000000000582E+0000
b    56  36  926270   1.84000000000196E+0000
e    38  37  938510   1.70000000000000E+0001
e    39  37  934960   1.70000000000000E+0001
e    40  37  930280   2.28000000000000E+0002
e    41  37  928090   1.05959999999963E+0003
e    42  37  923954   1.38000000000000E+0003
e    43  37  922519   3.40000000000000E+0001
e    44  37  918990   1.64880000000000E+0004
e    45  37  918195   7.63800000001211E+0001
e    46  37  915144   7.44767999999237E+0006
e    47  37  914390   2.84256000000381E+0006
n    48  37  911794  -7.21699999999255E+0001
b    49  37  911172   1.60963200000000E+0006
n    50  37  909187  -2.78299999999872E+0001
b    51  37  911326   1.06200000000000E+0003
b    52  37  912278   9.12000000000000E+0002
b    53  37  914811   1.56000000000000E+0002
b    54  37  916485   5.84000000000233E+0001
b    55  37  919661   8.12000000000990E+0000
b    56  37  921977   5.85000000000582E+0000
b    57  37  926432   2.72999999999956E+0000
b    58  37  929352   3.80000000000109E-0001
b    59  37  934370   2.00000000000045E-0001
b    60  37  937440   1.70000000000073E-0001
b    61  37  941960   1.30000000000109E-0001
e    41  38  929860   1.25999999999884E+0002
e    42  38  924650   6.36000000000000E+0003
e    43  38  923270   1.33200000000000E+0003
e    44  38  918414   2.21184000000000E+0006
e    45  38  917566   1.16640000000119E+0005
n    46  38  913430  -5.60000000000400E-0001
e    47  38  912937   5.59872000000763E+0006
n    48  38  909267  -9.86000000000058E+0000
n    49  38  908884  -7.00000000000000E+0000
n    50  38  905619  -8.25799999999581E+0001
b    51  38  907450   4.36492800000000E+0006
b    52  38  907738   9.13500000000000E+0008
b    53  38  910187   3.42000000000000E+0004
b    54  38  910944   9.75600000000000E+0003
b    55  38  913987   4.50000000000000E+0002
b    56  38  915367   7.50000000000000E+0001
b    57  38  919380   2.50000000000000E+0001
b    58  38  921170   1.05999999999949E+0000
b    59  38  926140   4.00000000000091E-0001
b    60  38  928620   6.50000000000546E-0001
e    41  39  936250   3.60000000000000E+0001
e    42  39  929200   7.20000000000000E+0001
e    43  39  926810   9.50000000000000E+0000
e    44  39  922300   4.26000000000000E+0002
e    45  39  920310   2.40000000000000E+0003
e    46  39  916437   9.36000000000000E+0003
e    47  39  914893   5.30639999999404E+0004
e    48  39  910882   2.89080000000000E+0005
e    49  39  909508   9.21110400000000E+0006
n    50  39  905849  -1.00000000000000E+0002
b    51  39  907152   2.30400000000000E+0005
b    52  39  907303   5.05440000000000E+0006
b    53  39  908917   1.27440000000000E+0004
b    54  39  909571   3.67200000000000E+0004
b    55  39  911597   1.12200000000000E+0003
b    56  39  912814   6.18000000000000E+0002
b    57  39  915940   6.19999999999709E+0000
b    58  39  918120   3.70000000000073E+0000
b    59  39  922300   6.50000000000546E-0001
b    60  39  924720   1.50000000000000E+0000
e    42  40  931100   1.50000000000000E+0002
e    43  40  928760   4.40000000000000E+0001
e    44  40  923320   1.68000000000000E+0003
e    45  40  921470   4.74000000000000E+0002
e    46  40  916290   5.94000000000000E+0004
e    47  40  914817   6.22800000000745E+0003
e    48  40  910225   7.20576000000000E+0006
e    49  40  908890   2.82240000000000E+0005
n    50  40  904703  -5.14500000000116E+0001
n    51  40  905644  -1.12700000000041E+0001
n    52  40  905039  -1.71700000000128E+0001
b    53  40  906474   4.72500000000000E+0013
n    54  40  906314  -1.73299999999872E+0001
b    55  40  908042   5.53219200000000E+0006
n    56  40  908275  -2.78000000000247E+0000
b    57  40  910950   6.04799999999404E+0004
b    58  40  912735   3.07000000000116E+0001
b    59  40  916540   2.09999999999854E+0000
b    60  40  917750   7.09999999999854E+0000
b    61  40  921520   2.00000000000000E+0000
e    45  41  925310   8.69999999998836E+0001
e    46  41  920370   1.56000000000000E+0002
e    47  41  917950   8.58000000000000E+0002
e    48  41  913449   3.96000000000000E+0003
e    49  41  911263   5.25600000000000E+0004
e    50  41  906991   2.20500000000000E+0010
e    51  41  907192   9.45000000000000E+0014
n    52  41  906377  -1.00000000000000E+0002
b    53  41  907280   7.56000000001000E+0011
b    54  41  906835   3.02227200000381E+0006
b    55  41  908100   8.42400000000000E+0004
b    56  41  908096   4.41600000000000E+0003
b    57  41  910330   2.79999999999927E+0000
b    58  41  911619   1.50000000000000E+0001
b    59  41  914180   3.09999999999854E+0000
b    60  41  915320   7.09999999999854E+0000
b    61  41  918040   4.30000000000291E+0000
b    62  41  919370   1.50000000000000E+0000
e    46  42  921820   4.80000000000000E+0002
e    47  42  919480   1.32000000000000E+0002
e    48  42  913933   2.04120000000000E+0004
e    49  42  911755   9.30000000000000E+0002
n    50  42  906808  -1.48399999999965E+0001
e    51  42  906813   1.10250000000000E+0014
n    52  42  905085  -9.25000000000000E+0000
n    53  42  905840  -1.59199999999983E+0001
n    54  42  904678  -1.66799999999930E+0001
n    55  42  906021  -9.55000000000291E+0000
n    56  42  905406  -2.41300000000047E+0001
b    57  42  907711   2.37384000000238E+0005
n    58  42  907477  -9.63000000000466E+0000
b    59  42  910345   8.76000000000000E+0002
b    60  42  910297   6.72000000000000E+0002
b    61  42  913470   6.80000000000000E+0001
b    62  42  913600   6.00000000000000E+0001
b    63  42  917910   5.00000000000000E+0001
b    64  42  917950   8.39999999999418E+0000
e    47  43  923810   8.30000000000291E+0000
e    49  43  915257   2.64000000000000E+0002
e    50  43  910246   1.01880000000000E+0004
e    51  43  909654   1.75680000000298E+0004
e    52  43  907657   7.20000000000000E+0004
e    53  43  907870   3.71520000000477E+0005
e    54  43  906364   8.19000000000000E+0013
b    55  43  907215   1.32299999999872E+0014
b    56  43  906254   6.70950000000000E+0012
b    57  43  907657   1.58000000000029E+0001
b    58  43  907327   8.52000000000000E+0002
b    59  43  909208   5.30000000000291E+0000
b    60  43  909172   5.40000000000000E+0001
b    61  43  911460   1.09800000000000E+0003
b    62  43  911820   4.56000000000000E+0002
b    63  43  914510   3.60000000000000E+0001
b    64  43  915230   2.12000000000116E+0001
b    65  43  918420   5.00000000000000E+0000
e    48  44  920120   2.22000000000000E+0002
e    49  44  917050   6.00000000000000E+0001
e    50  44  911361   3.12000000000000E+0003
e    51  44  910414   5.90400000000745E+0003
n    52  44  907599  -5.51999999999680E+0000
e    53  44  907556   2.49696000000000E+0005
n    54  44  905287  -1.88000000000102E+0000
n    55  44  905939  -1.26999999999971E+0001
n    56  44  904219  -1.26000000000058E+0001
n    57  44  905582  -1.70000000000000E+0001
n    58  44  904348  -3.16000000000058E+0001
b    59  44  906323   3.39033600000000E+0006
n    60  44  905424  -1.87000000000116E+0001
b    61  44  907744   1.59840000000149E+0004
b    62  44  907321   3.21926400000000E+0007
b    63  44  910130   2.28000000000000E+0002
b    64  44  910140   2.76000000000000E+0002
b    65  44  913240   3.50000000000000E+0001
b    66  44  913760   1.50000000000000E+0001
e    49  45  921670   2.57999999999884E+0001
e    50  45  915900   3.00000000000000E+0002
e    51  45  914515   5.94000000000000E+0002
e    52  45  911320   1.86000000000000E+0003
e    53  45  910716   5.16000000000000E+0002
e    54  45  908192   1.39104000000000E+0006
e    55  45  908116   7.48800000000000E+0004
e    56  45  906159   1.03950000000000E+0008
e    57  45  906814   9.13500000000000E+0007
n    58  45  905500  -1.00000000000000E+0002
b    59  45  906651   4.17999999999884E+0001
b    60  45  905686   1.27440000000119E+0005
b    61  45  907279   2.97999999999884E+0001
b    62  45  906751   1.30200000000000E+0003
b    63  45  908650   3.60000000000000E+0002
b    64  45  908734   8.10000000000000E+0001
b    65  45  910960   2.90000000000000E+0001
b    66  45  911630   1.10000000000000E+0001
b    67  45  914410   8.00000000000182E-0001
e    50  46  918010   1.20000000000000E+0002
e    51  46  916480   1.86000000000000E+0002
e    52  46  912722   1.08000000000000E+0003
e    53  46  911763   1.28400000000000E+0003
e    54  46  908527   3.11040000000000E+0005
e    55  46  908287   3.02399999999702E+0004
n    56  46  905634  -1.02000000000044E+0000
e    57  46  906114   1.46620800000000E+0006
n    58  46  904029  -1.11399999999994E+0001
n    59  46  905079  -2.23299999999872E+0001
n    60  46  903478  -2.73299999999872E+0001
b    61  46  905127   2.04750000000000E+0014
n    62  46  903895  -2.64599999999919E+0001
b    63  46  905954   4.82400000000000E+0004
n    64  46  905167  -1.17200000000012E+0001
b    65  46  907660   1.32000000000000E+0003
b    66  46  907323   7.57080000000000E+0004
b    67  46  910110   9.80000000000000E+0001
b    68  46  910310   1.48800000000279E+0002
b    69  46  913590   4.70000000000000E+0001
b    70  46  914000   1.26999999999971E+0001
e    50  47  923890   1.90000000000000E+0001
e    51  47  921560   4.67000000000116E+0001
e    52  47  917590   1.24199999999953E+0002
e    53  47  916140   1.20000000000000E+0002
e    54  47  912810   6.66000000000000E+0002
e    55  47  911950   7.80000000000000E+0002
e    56  47  908980   3.96000000000000E+0003
e    57  47  908628   4.14000000000000E+0003
e    58  47  906520   3.56832000000000E+0006
e    59  47  906662   1.44000000000000E+0003
n    60  47  905092  -5.18399999999674E+0001
b    61  47  905952   1.45200000000186E+0002
n    62  47  904757  -4.81599999999744E+0001
b    63  47  906111   2.46000000000058E+0001
b    64  47  905295   6.45408000000000E+0005
b    65  47  907010   1.13040000000000E+0004
b    66  47  906558   1.90800000000000E+0004
b    67  47  908760   4.50000000000000E+0000
b    68  47  908800   1.20000000000000E+0003
b    69  47  911200   1.60800000000047E+0002
b    70  47  911700   7.30000000000000E+0001
b    71  47  914570   4.00000000000000E+0000
b    72  47  915630   2.09999999999854E+0000
b    73  47  918650   1.20000000000073E+0000
b    74  47  919970   8.00000000000182E-0001
e    51  48  924860   1.60000000000000E+0001
e    52  48  920230   6.60000000000000E+0001
e    53  48  918740   7.20000000000000E+0001
e    54  48  914440   3.30000000000000E+0002
e    55  48  913451   4.62000000000000E+0002
e    56  48  908851   3.48000000000000E+0003
e    57  48  909459   3.31800000000000E+0003
n    58  48  906461  -1.25000000000000E+0000
e    59  48  906613   2.34000000000000E+0004
n    60  48  904176  -8.90000000000327E-0001
e    61  48  904953   3.99427200000000E+0007
n    62  48  903005  -1.24899999999907E+0001
n    63  48  904182  -1.28000000000029E+0001
n    64  48  902758  -2.41300000000047E+0001
n    65  48  904400  -1.22200000000012E+0001
n    66  48  903357  -2.87300000000105E+0001
b    67  48  905430   1.92600000000000E+0005
n    68  48  904754  -7.48999999999796E+0000
b    69  48  907228   8.96400000000000E+0003
b    70  48  906914   3.01800000000000E+0003
b    71  48  909890   1.61399999999907E+0002
b    72  48  909852   5.07999999999884E+0001
b    73  48  913100   1.35000000000000E+0001
b    74  48  913500   5.80000000000291E+0000
e    53  49  924400   2.40000000000000E+0001
e    54  49  920110   6.60000000000000E+0001
e    55  49  918440   1.09200000000070E+0002
e    56  49  914558   2.94000000000000E+0002
e    57  49  913490   3.18000000000000E+0002
e    58  49  910284   1.95000000000000E+0003
e    59  49  909678   3.42000000000000E+0003
e    60  49  907133   1.51199999999851E+0004
e    61  49  907230   4.14000000000000E+0003
e    62  49  905109   2.42438400000095E+0005
e    63  49  905536   8.64000000000000E+0002
n    64  49  904061  -4.30000000000291E+0000
b    65  49  904916   7.19000000000233E+0001
n    66  49  903880  -9.56999999999534E+0001
b    67  49  905264   1.41000000000058E+0001
b    68  49  904517   2.58600000000000E+0003
b    69  49  906120   5.00000000000000E+0000
b    70  49  905819   1.44000000000000E+0002
b    71  49  907890   4.40000000000000E+0001
b    72  49  907847   2.30000000000000E+0001
b    73  49  910280   1.01000000000058E+0001
b    74  49  910450   6.00000000000000E+0000
b    75  49  912980   3.20000000000073E+0000
b    76  49  913670   2.32999999999811E+0000
b    77  49  916470   1.53000000000065E+0000
b    78  49  917320   1.12000000000080E+0000
b    79  49  920560   9.00000000000546E-0001
b    80  49  921600   5.90000000000146E-0001
b    81  49  924870   5.10000000000218E-0001
b    82  49  926410   2.80000000000200E-0001
e    56  50  917030   1.25999999999884E+0002
e    57  50  915870   1.74000000000000E+0002
e    58  50  911880   6.18000000000000E+0002
e    59  50  911294   1.08000000000000E+0003
e    60  50  907858   1.44000000000000E+0004
e    61  50  907741   2.11800000000000E+0003
n    62  50  904826  -1.01000000000022E+0000
e    63  50  905176   9.94464000000000E+0006
n    64  50  902784  -6.70000000000073E-0001
n    65  50  903348  -3.80000000000109E-0001
n    66  50  901747  -1.46000000000058E+0001
n    67  50  902956  -7.75000000000000E+0000
n    68  50  901609  -2.42999999999884E+0001
n    69  50  903310  -8.60000000000582E+0000
n    70  50  902200  -3.24000000000233E+0001
b    71  50  904238   9.72000000000000E+0004
n    72  50  903440  -4.55999999999767E+0000
b    73  50  905722   1.11628800000000E+0007
n    74  50  905274  -5.63999999999942E+0000
b    75  50  907785   8.31168000000954E+0005
b    76  50  907654   3.15000000000000E+0012
b    77  50  910355   7.55999999999255E+0003
b    78  50  910560   3.54600000000000E+0003
b    79  50  913440   1.50000000000000E+0002
b    80  50  913920   2.22000000000000E+0002
b    81  50  916940   6.10000000000000E+0001
b    82  50  917760   4.00000000000000E+0001
e    58  51  918143   1.82999999999884E+0001
e    59  51  916770   2.35000000000000E+0001
e    60  51  913220   7.50000000000000E+0001
e    61  51  912411   5.10000000000000E+0001
e    62  51  909372   4.02000000000000E+0002
e    63  51  909110   2.10000000000000E+0002
e    64  51  906601   1.92599999999814E+0003
e    65  51  906800   9.60000000000000E+0002
e    66  51  904841   1.00800000000000E+0004
e    67  51  905534   2.16000000000000E+0002
e    68  51  903948   1.29959999999881E+0005
e    69  51  905077   9.54000000000000E+0002
n    70  51  903821  -5.70999999999767E+0001
b    71  51  905179   2.34144000000000E+0005
n    72  51  904216  -4.27000000000116E+0001
b    73  51  905038   5.20128000000000E+0006
b    74  51  905252   8.69400000001221E+0007
b    75  51  907250   1.07136000000000E+0006
b    76  51  906919   3.31776000000000E+0005
b    77  51  909180   3.27600000000298E+0004
b    78  51  909146   1.58400000000000E+0004
b    79  51  911590   2.30400000000000E+0003
b    80  51  911950   1.38000000000000E+0003
b    81  51  914410   2.47199999999721E+0002
b    82  51  915150   1.50000000000000E+0002
b    83  51  920550   1.03999999999942E+0001
b    84  51  924520   1.71000000000095E+0000
e    56  52  929550   2.09999999999854E+0000
e    57  52  927370   4.19999999999709E+0000
e    58  52  922560   1.85000000000000E+0001
e    59  52  921130   1.92999999999884E+0001
e    60  52  917020   1.20000000000000E+0002
e    61  52  915920   1.70000000000073E+0000
e    62  52  912230   9.00000000000000E+0002
e    63  52  911700   3.48000000000000E+0002
e    64  52  908450   9.00000000000000E+0003
e    65  52  908630   3.72000000000000E+0003
e    66  52  905908   5.18400000000000E+0005
e    67  52  906411   5.77799999999404E+0004
n    68  52  904048  -9.60000000000036E-0002
e    69  52  904947   1.45151999999809E+0006
n    70  52  903054  -2.59999999999854E+0000
n    71  52  904271  -9.03000000000247E-0001
n    72  52  902823  -4.81600000000617E+0000
n    73  52  904433  -7.13999999999942E+0000
n    74  52  903314  -1.89499999999825E+0001
b    75  52  905227   3.42000000000000E+0004
n    76  52  904463  -3.16900000000023E+0001
b    77  52  906594   4.17000000000000E+0003
n    78  52  906229  -3.37999999999884E+0001
b    79  52  908528   1.50000000000000E+0003
b    80  52  908517   2.81520000000000E+0005
b    81  52  910910   7.50000000000000E+0002
b    82  52  911520   2.52000000000000E+0003
b    83  52  916420   1.92000000000116E+0001
b    84  52  920120   1.80000000000000E+0001
b    85  52  925410   4.00000000000000E+0000
e    57  53  935060   6.50000000000546E-0001
e    58  53  930250   7.50000000000000E+0000
e    59  53  927940   3.40000000000146E+0000
e    60  53  923650   5.90000000000146E+0000
e    61  53  921790   2.09999999999854E+0000
e    62  53  918090   2.80000000000000E+0001
e    63  53  916780   2.90000000000146E+0000
e    64  53  913460   1.38000000000000E+0002
e    65  53  912780   8.58000000000000E+0002
e    66  53  910030   1.15200000000000E+0003
e    67  53  909840   4.85999999999255E+0003
e    68  53  907394   7.63200000000000E+0003
e    69  53  907595   2.16000000000000E+0002
e    70  53  905594   4.71600000000000E+0004
e    71  53  906207   3.60288000000000E+0005
e    72  53  904620   5.17536000000000E+0006
e    73  53  905624   1.12320000000000E+0006
n    74  53  904473  -1.00000000000000E+0002
b    75  53  905810   1.50000000000000E+0003
b    76  53  904986   5.04000000000000E+0014
b    77  53  906713   4.44960000000000E+0004
b    78  53  906114   6.94655999999046E+0005
b    79  53  907987   8.28000000000000E+0003
b    80  53  907780   7.48800000000000E+0004
b    81  53  909850   3.15000000000000E+0003
b    82  53  910023   2.37060000000000E+0004
b    83  53  914650   8.35999999999767E+0001
b    84  53  917870   2.45000000000000E+0001
b    85  53  922370   6.40000000000146E+0000
b    86  53  926050   2.29999999999927E+0000
e    60  54  928170   1.03000000000029E+0001
e    61  54  926280   1.80000000000000E+0001
e    62  54  921610   5.70000000000000E+0001
e    63  54  920250   6.10000000000000E+0001
e    64  54  916210   2.40000000000000E+0002
e    65  54  915390   3.48000000000000E+0002
e    66  54  911940   2.40000000000000E+0003
e    67  54  911450   2.34000000000000E+0003
e    68  54  908170   7.20000000000000E+0004
e    69  54  908469   7.20000000000000E+0003
n    70  54  905894  -1.00000000000023E-0001
e    71  54  906397   6.15600000000000E+0004
n    72  54  904281  -9.00000000000318E-0002
e    73  54  905182   3.13986239999771E+0006
n    74  54  903531  -1.90999999999985E+0000
n    75  54  904780  -2.63999999999942E+0001
n    76  54  903509  -4.09999999999854E+0000
n    77  54  905072  -2.12000000000116E+0001
n    78  54  904144  -2.68999999999942E+0001
b    79  54  905888   4.53600000000000E+0005
n    80  54  905395  -1.03999999999942E+0001
b    81  54  907130   3.27600000000298E+0004
n    82  54  907214  -8.89999999999418E+0000
b    83  54  911557   2.30399999999907E+0002
b    84  54  913980   8.46000000000000E+0002
b    85  54  918740   4.04000000000233E+0001
b    86  54  921620   1.36000000000058E+0001
b    87  54  926610   1.72000000000116E+0000
b    88  54  929630   1.20000000000073E+0000
e    59  55  941270   5.69999999999709E-0001
e    60  55  936070   1.39999999999964E+0000
e    61  55  933110   3.79999999999927E+0000
e    62  55  928900   6.69999999999709E+0000
e    63  55  926740   1.50000000000000E+0001
e    64  55  922490   3.80000000000000E+0001
e    65  55  920800   6.40000000000000E+0001
e    66  55  917250   1.36000000000000E+0002
e    67  55  916090   2.10000000000000E+0001
e    68  55  912990   3.54000000000000E+0002
e    69  55  912270   3.07999999999884E+0001
e    70  55  909725   2.70000000000000E+0003
e    71  55  909465   3.84000000000000E+0003
e    72  55  907428   2.23200000000000E+0004
e    73  55  907755   2.17199999999953E+0002
e    74  55  906027   1.16280000000000E+0005
e    75  55  906753   1.75200000000000E+0003
e    76  55  905444   8.37216000000000E+0005
e    77  55  906431   5.59008000000000E+0005
n    78  55  905429  -1.00000000000000E+0002
b    79  55  906696   6.50475000000610E+0007
b    80  55  905885   9.45000000000000E+0013
b    81  55  907289   1.13184000000000E+0006
b    82  55  907073   9.50355000000000E+0008
b    83  55  911004   1.93200000000000E+0003
b    84  55  913349   2.51999999999767E+0002
b    85  55  917256   6.37000000000116E+0001
b    86  55  920006   2.48999999999942E+0001
b    87  55  924220   1.80000000000109E+0000
b    88  55  927220   1.78000000000065E+0000
b    89  55  931930   1.01000000000022E+0000
b    90  55  935320   5.79999999999927E-0001
e    64  56  926490   3.20000000000000E+0001
e    65  56  924700   3.00000000000000E+0001
e    66  56  920170   1.20000000000000E+0002
e    67  56  919210   1.62000000000000E+0002
e    68  56  915380   6.84000000000000E+0002
e    69  56  914640   2.10000000000000E+0002
e    70  56  911260   5.94000000000000E+0003
e    71  56  911130   7.20000000000000E+0002
e    72  56  908237   2.09952000000000E+0005
e    73  56  908642   9.00000000000000E+0003
n    74  56  906282  -1.05999999999995E-0001
e    75  56  906902   1.01952000000000E+0006
n    76  56  905042  -1.00999999999999E-0001
e    77  56  905988   3.31695000000000E+0008
n    78  56  904486  -2.41700000000128E+0000
n    79  56  905665  -6.59199999999691E+0000
n    80  56  904553  -7.85400000000664E+0000
n    81  56  905812  -1.12299999999959E+0001
n    82  56  905232  -7.16999999999534E+0001
b    83  56  908826   4.97400000000000E+0003
b    84  56  910581   1.10246400000000E+0006
b    85  56  914363   1.09800000000000E+0003
b    86  56  916360   6.42000000000000E+0002
b    87  56  920480   1.50000000000000E+0001
b    88  56  922840   1.15000000000000E+0001
b    89  56  926960   4.00000000000000E+0000
b    90  56  930120   2.20000000000073E+0000
b    91  56  934230   6.99999999999818E-0001
b    92  56  937190   4.70000000000255E-0001
e    70  57  916280   2.28000000000000E+0002
e    71  57  915320   2.76000000000000E+0002
e    72  57  912640   6.96000000000000E+0002
e    73  57  912400   5.22000000000000E+0002
e    74  57  910080   3.54000000000000E+0003
e    75  57  910100   1.72800000000000E+0004
e    76  57  908140   1.40760000000000E+0004
e    77  57  908460   3.90000000000000E+0002
e    78  57  906953   7.02000000000000E+0004
e    79  57  907630   5.92200000000186E+0002
e    80  57  906460   1.89000000000200E+0012
n    81  57  907105  -9.00000000000318E-0002
n    82  57  906346  -9.99100000000326E+0001
b    83  57  909471   1.45008000000000E+0005
b    84  57  910896   1.41480000000000E+0004
b    85  57  914090   5.52000000000000E+0003
b    86  57  915920   8.46000000000000E+0002
b    87  57  919650   4.00000000000000E+0001
b    88  57  921650   2.50000000000000E+0001
b    89  57  925530   1.00000000000000E+0001
b    90  57  928100   4.09999999999854E+0000
b    91  57  931390   2.59999999999854E+0000
e    73  58  914270   5.70000000000000E+0002
e    74  58  911490   1.26000000000000E+0004
e    75  58  911360   1.94400000000000E+0004
e    76  58  908890   2.73600000000000E+0005
e    77  58  909117   6.40799999999404E+0004
n    78  58  907140  -1.90000000000055E-0001
e    79  58  907780   3.24000000000000E+0004
n    80  58  905985  -2.50000000000000E-0001
e    81  58  906631   1.18540800000000E+0007
n    82  58  905433  -8.84799999999814E+0001
b    83  58  908271   2.80800000000000E+0006
n    84  58  909241  -1.10800000000017E+0001
b    85  58  912383   1.18800000000000E+0005
b    86  58  913643   2.45721600000000E+0007
b    87  58  917230   1.74000000000000E+0002
b    88  58  918670   8.16000000000000E+0002
b    89  58  922530   5.60000000000000E+0001
b    90  58  924410   4.80000000000000E+0001
b    91  58  927760   5.19999999999709E+0000
b    92  58  929670   4.40000000000146E+0000
b    93  58  933170   1.00000000000000E+0000
e    73  59  919120   9.60000000000000E+0001
e    74  59  916190   4.02000000000000E+0002
e    75  59  915440   1.02000000000000E+0003
e    76  59  913140   1.50000000000000E+0003
e    77  59  912640   7.86000000000000E+0002
e    78  59  910680   4.62000000000000E+0003
e    79  59  910748   9.00000000000000E+0001
e    80  59  908917   1.58760000000149E+0004
e    81  59  909071   2.03399999999907E+0002
n    82  59  907647  -1.00000000000000E+0002
b    83  59  910039   6.88680000000000E+0004
b    84  59  910814   1.17331200000000E+0006
b    85  59  913301   1.03800000000000E+0003
b    86  59  914501   2.15280000000000E+0004
b    87  59  917570   1.44600000000000E+0003
b    88  59  918980   8.04000000000000E+0002
b    89  59  922210   1.36800000000047E+0002
b    90  59  923792   1.38000000000000E+0002
b    91  59  926360   6.19999999999709E+0000
b    92  59  927910   4.00000000000000E+0000
b    93  59  930700   3.20000000000073E+0000
e    74  60  918870   5.10000000000000E+0002
e    75  60  918190   7.20000000000000E+0002
e    76  60  915010   3.04200000000000E+0003
e    77  60  914760   2.28000000000000E+0003
e    78  60  911820   1.83600000000000E+0004
e    79  60  911920   1.80000000000000E+0003
e    80  60  909306   2.91168000000000E+0005
e    81  60  909594   9.00000000000000E+0003
n    82  60  907719  -2.71300000000047E+0001
n    83  60  908810  -1.21800000000076E+0001
n    84  60  910083  -2.37999999999884E+0001
n    85  60  912570  -8.30000000000291E+0000
n    86  60  913113  -1.71900000000023E+0001
b    87  60  916097   9.49535999999046E+0005
n    88  60  916889  -5.75999999999476E+0000
b    89  60  920145   6.22800000000745E+0003
n    90  60  920887  -5.63999999999942E+0000
b    91  60  923825   7.44000000000000E+0002
b    92  60  924680   6.84000000000000E+0002
b    93  60  929400   4.00000000000000E+0001
e    75  61  923980   1.08000000000116E+0002
e    76  61  920450   1.44000000000000E+0002
e    77  61  919340   1.92000000000000E+0002
e    78  61  916780   2.46000000000000E+0002
e    79  61  915820   9.19999999999709E+0000
e    80  61  913600   1.25400000000000E+0003
e    81  61  912970   4.05000000000000E+0001
e    82  61  910930   2.28960000000000E+0007
e    83  61  912588   3.13632000000000E+0007
e    84  61  912743   5.57550000000000E+0008
e    85  61  914708   1.74195000000000E+0008
b    86  61  915135   8.26371000000000E+0007
b    87  61  917473   4.63968000000000E+0005
b    88  61  918332   1.91160000000000E+0005
b    89  61  920981   9.68400000000000E+0003
b    90  61  921203   1.02240000000000E+0005
b    91  61  923490   2.46000000000000E+0002
b    92  61  924134   3.24000000000000E+0002
b    93  61  926500   1.02000000000000E+0002
b    94  61  927960   4.80000000000000E+0001
e    76  62  923420   1.80000000000000E+0002
e    77  62  922600   1.56000000000000E+0002
e    78  62  919040   8.88000000000000E+0002
e    79  62  918473   6.12000000000000E+0002
e    80  62  915206   4.35000000000000E+0003
e    81  62  914626   5.29799999999814E+0002
n    82  62  911998  -3.09999999999854E+0000
e    83  62  913409   2.93760000000000E+0007
a    84  62  913053   3.24450000000205E+0015
a    85  62  914895   3.40200000000203E+0018
a    86  62  914820   2.20500000000076E+0023
a    87  62  917181   3.15000000000030E+0023
n    88  62  917273  -7.40000000000146E+0000
b    89  62  919929   2.83500000000000E+0009
n    90  62  919729  -2.67000000000116E+0001
b    91  62  922094   1.68120000000000E+0005
n    92  62  922206  -2.27000000000116E+0001
b    93  62  924636   1.33200000000000E+0003
b    94  62  925518   3.38400000000000E+0004
b    95  62  928210   4.86000000000466E+0002
b    96  62  930000   3.30000000000000E+0002
e    78  63  924870   4.00000000000000E+0001
e    79  63  923150   7.32000000000698E+0001
e    80  63  920150   1.57199999999953E+0002
e    81  63  918792   1.01999999999971E+0001
e    82  63  916267   5.12352000000000E+0005
e    83  63  917215   3.95712000000000E+0005
e    84  63  916742   2.09952000000000E+0006
e    85  63  918125   4.70880000000000E+0006
e    86  63  917926   8.04384000000000E+0006
e    87  63  919702   4.53600000000000E+0004
n    88  63  919847  -4.77999999999884E+0001
e    89  63  921742   4.22100000000000E+0008
n    90  63  921225  -5.22000000000116E+0001
b    91  63  922975   2.67750000000000E+0008
b    92  63  922889   1.48994999999756E+0008
b    93  63  924752   1.31328000000000E+0006
b    94  63  925418   5.45400000000596E+0004
b    95  63  927800   1.26000000000000E+0004
b    96  63  929084   1.08000000000000E+0003
b    97  63  931880   5.30000000000000E+0001
e    79  64  926490   3.90000000000000E+0001
e    80  64  922760   2.70000000000000E+0002
e    81  64  921690   1.38000000000000E+0003
e    82  64  918304   4.17312000000000E+0006
e    83  64  918943   1.37160000000000E+0005
a    84  64  918113   2.36250000000000E+0009
e    85  64  919344   8.03520000000000E+0005
a    86  64  918662   5.67000000000640E+0013
e    87  64  920346   1.03680000000000E+0007
n    88  64  919786  -2.00000000000045E-0001
e    89  64  921745   2.08742400000000E+0007
n    90  64  920861  -2.18000000000029E+0000
n    91  64  922618  -1.48000000000029E+0001
n    92  64  922118  -2.04700000000012E+0001
n    93  64  923956  -1.56500000000087E+0001
n    94  64  924099  -2.48399999999965E+0001
b    95  64  926384   6.69600000000000E+0004
n    96  64  927049  -2.18599999999860E+0001
b    97  64  929664   2.22000000000000E+0002
b    98  64  931010   5.03999999999534E+0002
e    80  65  928940   3.00000000000000E+0001
e    81  65  927150   2.30000000000000E+0001
e    82  65  923820   5.76000000000000E+0003
e    83  65  924140   3.60000000000000E+0003
e    84  65  923248   1.49400000000000E+0004
e    85  65  923669   1.18800000000000E+0004
e    86  65  923100   6.33600000000000E+0004
e    87  65  923919   6.33600000000000E+0004
e    88  65  923440   2.02176000000000E+0005
e    89  65  924690   7.92000000000000E+0004
e    90  65  923499   4.57920000000477E+0005
e    91  65  924742   4.57920000000477E+0005
e    92  65  924023   4.72500000000000E+0009
e    93  65  925411   4.72500000000000E+0009
n    94  65  925342  -1.00000000000000E+0002
b    95  65  927163   6.25536000000000E+0006
b    96  65  927566   5.97024000000000E+0005
b    97  65  929510   4.56000000000000E+0002
b    98  65  930550   1.17000000000000E+0003
b    99  65  933320   1.80000000000000E+0002
e    81  66  930680   8.00000000000000E+0001
e    82  66  927020   1.86000000000000E+0002
e    83  66  927110   2.51999999999767E+0002
e    84  66  925577   4.30199999999721E+0002
e    85  66  926032   1.02000000000000E+0003
e    86  66  924716   8.28000000000000E+0003
e    87  66  925769   2.26800000000000E+0004
a    88  66  924429   9.45000000000000E+0013
e    89  66  925747   3.60000000000000E+0004
n    90  66  924277  -6.00000000000591E-0002
e    91  66  925460   2.91600000000298E+0004
n    92  66  924403  -1.00000000000023E-0001
e    93  66  925735   1.24416000000000E+0007
n    94  66  925193  -2.34000000000015E+0000
n    95  66  926930  -1.88999999999942E+0001
n    96  66  926795  -2.55000000000000E+0001
n    97  66  928728  -2.48999999999942E+0001
n    98  66  929171  -2.82000000000116E+0001
b    99  66  931700   8.38800000000000E+0003
b   100  66  932803   2.93760000000000E+0005
b   101  66  935650   3.72000000000000E+0002
e    81  67  937340   9.00000000000000E+0000
e    82  67  933600   2.10000000000000E+0001
e    83  67  933200   8.80000000000000E+0001
e    84  67  931510   3.06000000000000E+0002
e    85  67  931580   1.44000000000000E+0002
e    86  67  930195   5.58000000000000E+0002
e    87  67  930610   7.20000000000000E+0002
e    88  67  929078   2.88000000000000E+0003
e    89  67  929640   1.20000000000000E+0002
e    90  67  928190   7.56000000000000E+0002
e    91  67  928930   6.78000000000000E+0002
e    92  67  927706   1.98000000000000E+0003
e    93  67  928720   1.53600000000000E+0003
e    94  67  927849   9.00000000000000E+0003
e    95  67  929092   9.00000000000000E+0002
e    96  67  928731   1.03950000000000E+0009
e    97  67  930285   1.74000000000000E+0003
n    98  67  930319  -1.00000000000000E+0002
b    99  67  932281   9.65088000000715E+0004
b   100  67  933127   1.11600000000000E+0004
b   101  67  935290   1.80000000000000E+0002
b   102  67  936869   2.82000000000000E+0002
b   103  67  939620   1.68000000000000E+0002
e    82  68  937710   2.00000000000000E+0001
e    83  68  937200   2.30000000000000E+0001
e    84  68  934920   1.03000000000029E+0001
e    85  68  934870   3.17000000000116E+0001
e    86  68  932772   2.22000000000000E+0002
e    87  68  933060   3.18000000000000E+0002
e    88  68  931290   1.20000000000000E+0003
e    89  68  931910   1.44000000000000E+0003
e    90  68  930010   8.28000000000000E+0003
e    91  68  930678   2.16000000000000E+0003
e    92  68  929080   1.02960000000000E+0005
e    93  68  929996   1.16640000000000E+0004
n    94  68  928775  -1.40000000000100E-0001
e    95  68  930030   4.50600000000000E+0003
n    96  68  929198  -1.61000000000058E+0000
e    97  68  930723   3.72960000000000E+0004
n    98  68  930290  -3.35999999999767E+0001
n    99  68  932046  -2.29499999999825E+0001
n   100  68  932368  -2.67999999999884E+0001
b   101  68  934588   8.12159999999046E+0005
n   102  68  935461  -1.48999999999942E+0001
b   103  68  938027   2.70720000000000E+0004
b   104  68  939353   1.77120000000000E+0005
b   105  68  942280   8.40000000000000E+0001
e    83  69  944460   5.19999999999709E+0000
e    84  69  941830   1.60000000000036E+0000
e    85  69  941360   8.30000000000291E+0000
e    86  69  939010   2.50000000000000E+0001
e    87  69  938840   8.00000000000000E+0001
e    88  69  936880   2.16000000000000E+0002
e    89  69  936990   2.40000000000000E+0002
e    90  69  934970   5.40000000000000E+0002
e    91  69  935090   5.52000000000000E+0002
e    92  69  933430   2.28000000000000E+0003
e    93  69  933920   1.30200000000000E+0003
e    94  69  932648   6.48000000000745E+0003
e    95  69  933451   1.20000000000000E+0002
e    96  69  932432   1.08216000000000E+0005
e    97  69  933561   2.77200000000000E+0004
e    98  69  932848   7.99200000000000E+0005
e    99  69  934170   8.04384000000000E+0006
n   100  69  934212  -1.00000000000000E+0002
b   101  69  935198   1.11110400000153E+0007
b   102  69  936427   6.04800000000000E+0007
b   103  69  938397   2.28959999999762E+0005
b   104  69  939596   2.96639999999702E+0004
b   105  69  942180   3.24000000000000E+0002
b   106  69  943850   9.12000000000000E+0002
b   107  69  946750   1.14000000000000E+0002
e    84  70  946190   4.00000000000091E-0001
e    85  70  945530   1.70000000000073E+0000
e    86  70  942690   2.40000000000000E+0001
e    87  70  942430   3.90000000000000E+0001
e    88  70  939858   9.00000000000000E+0001
e    89  70  939950   1.20000000000000E+0001
e    90  70  937670   2.88000000000000E+0002
e    91  70  937940   2.51999999999767E+0002
e    92  70  935860   1.13400000000000E+0003
e    93  70  936270   3.97800000000000E+0004
e    94  70  934530   4.53600000000000E+0003
e    95  70  935398   5.94000000000000E+0002
e    96  70  933875   2.03904000000000E+0005
e    97  70  934946   1.05000000000000E+0003
n    98  70  933894  -1.30000000000109E-0001
e    99  70  935186   2.76652800000000E+0006
n   100  70  934759  -3.04999999999927E+0000
n   101  70  936323  -1.43000000000029E+0001
n   102  70  936378  -2.18999999999942E+0001
n   103  70  938208  -1.61199999999953E+0001
n   104  70  938859  -3.17999999999884E+0001
b   105  70  941273   3.62015999999523E+0005
n   106  70  942564  -1.26999999999971E+0001
b   107  70  945253   6.84000000000000E+0003
b   108  70  946639   4.42800000000745E+0003
e    83  71  957460   1.00000000000000E+0000
e    84  71  954080   7.00000000000500E-0002
e    85  71  953070   5.00000000000000E-0001
e    86  71  949940   5.50000000000000E+0000
e    87  71  949290   1.00000000000000E+0001
e    88  71  946480   1.20000000000000E+0001
e    89  71  946040   3.50000000000000E+0001
e    90  71  943630   7.20000000000000E+0001
e    91  71  943470   8.40000000000000E+0001
e    92  71  941240   2.46000000000000E+0002
e    93  71  941290   1.90199999999953E+0002
e    94  71  939480   7.08000000000000E+0002
e    95  71  939760   1.68000000000000E+0002
e    96  71  938310   3.09000000000000E+0003
e    97  71  938690   3.30000000000000E+0002
e    98  71  937658   1.22601600000024E+0005
e    99  71  938452   1.73663999999762E+0005
e   100  71  937911   7.11935999999046E+0005
e   101  71  939085   5.78880000000000E+0005
e   102  71  938929   4.31549999999390E+0007
e   103  71  940336   1.04264999999878E+0008
n   104  71  940770  -9.74000000000233E+0001
n   105  71  942679  -2.59000000000015E+0000
b   106  71  943752   5.79744000000000E+0005
b   107  71  945963   1.71000000000000E+0003
b   108  71  947260   1.65600000000000E+0004
b   109  71  949870   3.42000000000000E+0002
e    86  72  954590   2.90000000000146E+0000
e    87  72  953740   5.59999999999854E+0000
e    88  72  950550   1.20000000000000E+0001
a    89  72  950110   1.70000000000000E+0001
e    90  72  947204   3.75999999999767E+0001
e    91  72  946980   4.00000000000000E+0001
e    94  72  942250   4.08000000000000E+0002
e    95  72  942600   1.23000000000000E+0002
e    96  72  940730   1.55400000000000E+0003
e    97  72  941240   1.95000000000000E+0002
e    98  72  939740   5.76000000000000E+0004
e    99  72  940490   4.35600000000000E+0004
e   100  72  939460   5.89050000000000E+0007
e   101  72  940650   8.49600000000000E+0004
n   102  72  940044  -1.60000000000082E-0001
e   103  72  941507   6.04800000000000E+0006
n   104  72  941406  -5.19999999999709E+0000
n   105  72  943217  -1.86000000000058E+0001
n   106  72  943696  -2.71000000000058E+0001
n   107  72  945812  -1.37399999999907E+0001
n   108  72  946545  -3.52000000000116E+0001
b   109  72  949096   3.66336000000381E+0006
b   110  72  950550   2.83500000000000E+0014
b   111  72  953530   3.84000000000000E+0003
b   112  72  955440   1.47600000000000E+0004
e    86  73  962860   6.00000000000364E-0001
e    87  73  961630   6.00000000000364E-0001
e    88  73  958210   6.00000000000364E-0001
e    91  73  953370   1.36000000000058E+0001
e    93  73  950280   3.20000000000000E+0001
e    94  73  948080   1.80000000000000E+0002
e    95  73  947820   1.44000000000000E+0002
e    96  73  946020   3.00000000000000E+0002
e    97  73  945970   4.05599999999627E+0002
e    98  73  944680   1.40400000000000E+0003
e    99  73  944740   2.20800000000000E+0003
e   100  73  943650   1.31399999999851E+0004
e   101  73  944340   4.24800000000000E+0003
e   102  73  943650   3.78000000000000E+0004
e   103  73  944730   2.90880000000000E+0004
e   104  73  944460   2.03904000000000E+0005
e   105  73  945750   5.58000000000000E+0002
e   106  73  945930   5.73300000000610E+0007
n   107  73  947462  -1.20000000000147E-0002
n   108  73  947992  -9.99880000000121E+0001
b   109  73  950149   9.89280000000000E+0006
b   110  73  951369   4.40640000000000E+0005
b   111  73  954005   3.13200000000000E+0004
b   112  73  955553   2.94000000000000E+0003
b   113  73  958540   6.30000000000000E+0002
e    86  74  968480   8.00000000000409E-0002
e    87  74  967140   4.10000000000309E-0001
e    88  74  963290   1.38999999999942E+0000
e    89  74  962270   2.79999999999927E+0000
e    90  74  958820   6.00000000000000E+0000
e    91  74  958110   5.09999999999854E+0000
e    92  74  955020   1.60000000000000E+0001
e    98  74  947430   4.02000000000000E+0002
e    99  74  947710   9.66000000000000E+0002
e   100  74  946160   1.74000000000000E+0003
e   101  74  946770   2.04000000000000E+0003
e   102  74  945590   9.00000000000000E+0003
e   103  74  946610   7.95600000000000E+0003
e   104  74  945840   1.85760000000000E+0006
e   105  74  947067   2.25000000000000E+0003
n   106  74  946701  -1.30000000000109E-0001
e   107  74  948192   1.04544000000000E+0007
n   108  74  948202  -2.62999999999884E+0001
n   109  74  950220  -1.43000000000029E+0001
n   110  74  950928  -3.06700000000128E+0001
b   111  74  953416   6.46272000000763E+0006
n   112  74  954357  -2.86000000000058E+0001
b   113  74  957153   8.60400000000000E+0004
b   114  74  958480   5.99616000000000E+0006
b   115  74  961900   6.90000000000000E+0002
b   116  74  963210   1.80000000000000E+0003
a    87  75  976060   1.00000000000023E-0001
e    88  75  971970   2.60000000000218E-0001
e    89  75  970590   9.00000000000546E-0001
e    90  75  961890   2.40000000000146E+0000
e    91  75  965740   2.20000000000073E+0000
e    92  75  962590   2.00000000000000E+0000
e    93  75  961590   2.00000000000000E+0000
e    95  75  958040   8.00000000000000E+0000
e    97  75  953180   1.38000000000000E+0002
e    99  75  953180   1.38000000000000E+0002
e   100  75  951430   2.76000000000000E+0002
e   101  75  951500   3.18000000000000E+0002
e   102  75  950370   8.40000000000000E+0002
e   103  75  950850   7.92000000000000E+0002
e   104  75  949960   1.18200000000000E+0003
e   105  75  950780   1.47000000000000E+0002
e   106  75  950020   7.20000000000000E+0004
e   107  75  951210   2.30400000000000E+0005
e   108  75  950817   6.04800000000000E+0006
e   109  75  952530   3.28320000000000E+0006
n   110  75  952951  -3.74000000000233E+0001
b   111  75  954984   3.26304000000000E+0005
n   112  75  955744  -6.25999999999767E+0001
b   113  75  958106   6.11279999999404E+0004
b   114  75  959219   8.64000000000000E+0004
b   115  75  961850   1.80000000000000E+0002
b   116  75  963112   5.88000000000000E+0002
b   117  75  965870   1.60000000000000E+0001
e    90  76  972470   1.80000000000064E-0001
e    91  76  971290   6.99999999999818E-0001
e    92  76  967670   2.20000000000073E+0000
e    93  76  966850   3.29999999999927E+0000
e    94  76  963571   7.09999999999854E+0000
e    95  76  962890   7.90000000000146E+0000
e    96  76  960000   1.90000000000000E+0001
e    97  76  957120   1.60000000000000E+0001
e    98  76  957120   4.40000000000000E+0001
e    99  76  956980   8.40000000000000E+0001
e   100  76  954880   2.16000000000000E+0002
e   101  76  954980   1.68000000000000E+0002
e   102  76  953250   3.00000000000000E+0002
e   103  76  953830   4.20000000000000E+0002
e   104  76  952390   1.30200000000000E+0003
e   105  76  953270   6.30000000000000E+0003
e   106  76  952120   7.74000000000000E+0004
e   107  76  953290   4.68000000000000E+0004
n   108  76  952488  -2.00000000000102E-0002
e   109  76  954041   8.08704000000000E+0006
a   110  76  953830   6.30000000000610E+0022
n   111  76  955741  -1.60000000000036E+0000
n   112  76  955860  -1.33000000000029E+0001
n   113  76  958137  -1.61000000000058E+0001
n   114  76  958436  -2.63999999999942E+0001
b   115  76  960920   1.33056000000000E+0006
n   116  76  961467  -4.10000000000000E+0001
b   117  76  964138   1.10160000000000E+0005
b   118  76  965173   1.89000000000000E+0008
b   119  76  968110   3.90000000000000E+0002
b   120  76  969620   2.09400000000000E+0003
a    93  77  974970   1.04999999999927E+0000
a    94  77  971700   1.60000000000036E+0000
a    95  77  970550   2.09999999999854E+0000
a    96  77  967560   3.00000000000000E+0000
a    97  77  966660   4.00000000000000E+0000
a    98  77  964150   4.50000000000000E+0000
a    99  77  963480   8.00000000000000E+0000
a   100  77  961350   2.10000000000000E+0001
e   101  77  961050   1.20000000000000E+0001
e   102  77  959190   2.40000000000000E+0002
e   103  77  959260   9.00000000000000E+0001
e   104  77  957640   2.94000000000000E+0002
e   105  77  957970   9.00000000000000E+0002
e   106  77  956710   3.36000000000000E+0003
e   107  77  957560   1.08000000000000E+0004
e   108  77  956730   5.04000000000000E+0004
e   109  77  957943   5.65200000000000E+0004
e   110  77  957350   3.78000000000000E+0004
e   111  77  958830   1.49040000000000E+0005
e   112  77  958712   1.14048000000000E+0006
e   113  77  960580   1.01952000000000E+0006
n   114  77  960584  -3.72999999999884E+0001
b   115  77  962580   6.37891200000763E+0006
n   116  77  962917  -6.27000000000116E+0001
b   117  77  965069   6.91200000000000E+0004
b   118  77  965966   1.00800000000000E+0004
b   119  77  968370   5.20000000000000E+0001
b   120  77  969629   3.51000000000466E+0002
b   121  77  972160   8.00000000000000E+0000
a    94  78  977220   1.00000000000023E-0001
e    95  78  976280   3.40000000000146E-0001
e    96  78  972811   9.00000000000546E-0001
e    97  78  972130   2.52000000000044E+0000
e    98  78  968930   6.30000000000291E+0000
e    99  78  968360   1.11999999999971E+0001
e   100  78  965700   2.10000000000000E+0001
e   101  78  965270   4.30000000000000E+0001
e   102  78  963130   5.20000000000000E+0001
e   103  78  963100   5.10000000000000E+0001
e   104  78  961160   1.62000000000000E+0002
e   105  78  961630   4.20000000000000E+0002
e   106  78  959920   1.03800000000000E+0003
e   107  78  960700   4.26000000000000E+0003
e   108  78  959360   7.20000000000000E+0003
e   109  78  960470   8.46000000000000E+0003
e   110  78  959386   8.81280000000000E+0005
e   111  78  960817   3.92400000000000E+0004
n   112  78  959917  -1.00000000000051E-0002
e   113  78  961665   2.55744000000238E+0005
n   114  78  961019  -7.89999999999964E-0001
e   115  78  962977   1.57500000000000E+0009
n   116  78  962655  -3.29000000000233E+0001
n   117  78  964766  -3.37999999999884E+0001
n   118  78  964926  -2.52999999999884E+0001
b   119  78  967315   6.58800000000000E+0004
n   120  78  967869  -7.19999999999709E+0000
b   121  78  970552   1.84800000000000E+0003
b   122  78  971417   4.50000000000000E+0004
b   123  78  974500   1.50000000000000E+0002
e    97  79  980060   1.29999999999927E+0000
a    98  79  976920   1.29999999999927E+0000
a    99  79  975760   2.59999999999854E+0000
a   100  79  973170   7.50000000000000E+0000
e   101  79  972310   8.10000000000582E+0000
e   102  79  970130   1.13999999999942E+0001
e   103  79  969580   2.10000000000000E+0001
e   104  79  967660   4.20000000000000E+0001
e   105  79  967540   5.30000000000000E+0001
e   106  79  965800   2.58000000000000E+0002
e   107  79  966100   6.42000000000000E+0002
e   108  79  964460   4.92000000000000E+0002
e   109  79  965080   5.28000000000000E+0002
e   110  79  963720   1.72200000000000E+0003
e   111  79  964685   2.58000000000000E+0003
e   112  79  963630   1.15200000000000E+0004
e   113  79  964793   1.80000000000000E+0004
e   114  79  964050   6.33600000000000E+0004
e   115  79  965348   1.42200000000000E+0005
e   116  79  965013   1.60790400000153E+0007
e   117  79  966544   5.33952000000000E+0005
n   118  79  966543  -1.00000000000000E+0002
b   119  79  968217   2.32675200000048E+0005
b   120  79  968740   2.71296000000000E+0005
b   121  79  970670   2.90400000000000E+0003
b   122  79  971645   1.56000000000000E+0003
b   123  79  973840   2.80000000000000E+0001
b   124  79  975145   5.30000000000000E+0001
b   125  79  978300   4.00000000000000E+0001
e    98  80  982476   2.60000000000218E-0001
e    99  80  981630   1.09000000000015E+0000
e   100  80  978250   2.90000000000146E+0000
e   101  80  977720   3.59999999999854E+0000
e   102  80  974750   1.10000000000000E+0001
e   103  80  974350   8.80000000000291E+0000
e   104  80  971810   3.08999999999942E+0001
e   105  80  971900   5.00000000000000E+0001
e   106  80  969350   8.40000000000000E+0001
e   107  80  969760   1.44000000000000E+0002
e   108  80  967580   1.92000000000000E+0002
e   109  80  968230   4.56000000000000E+0002
e   110  80  966400   1.20000000000000E+0003
e   111  80  967220   2.94000000000000E+0003
e   112  80  965650   1.76400000000000E+0004
e   113  80  966560   1.36800000000000E+0004
e   114  80  965391   1.63800000000000E+0010
e   115  80  966640   3.42000000000000E+0004
n   116  80  965807  -1.50000000000091E-0001
e   117  80  967187   2.30760000000000E+0005
n   118  80  966743  -1.01000000000058E+0001
n   119  80  968254  -1.70000000000000E+0001
n   120  80  968300  -2.31000000000058E+0001
n   121  80  970277  -1.31999999999971E+0001
n   122  80  970617  -2.96499999999942E+0001
b   123  80  972848   4.02623999999619E+0006
n   124  80  973467  -6.80000000000291E+0000
b   125  80  976047   3.12000000000000E+0002
b   126  80  977489   5.10000000000000E+0002
e   103  81  981670   1.10000000000000E+0001
e   105  81  978510   2.80000000000000E+0001
e   106  81  976240   4.50000000000000E+0001
e   107  81  975880   7.00000000000000E+0001
e   108  81  974780   1.38000000000000E+0002
e   109  81  973490   1.56000000000000E+0002
e   111  81  972120   5.64000000000000E+0002
e   112  81  970520   1.32000000000000E+0003
e   113  81  970920   1.98000000000000E+0003
e   114  81  969630   4.06800000000373E+0003
e   115  81  970460   6.48000000000745E+0003
e   116  81  969498   1.01880000000000E+0004
e   117  81  970460   1.90800000000000E+0004
e   118  81  969870   2.66400000000000E+0004
e   119  81  970934   9.41760000000000E+0004
e   120  81  970794   2.63520000000000E+0005
e   121  81  972085   1.05667200000000E+0006
n   122  81  972320  -2.95199999999895E+0001
b   123  81  973839   1.19070000000122E+0008
n   124  81  974401  -7.04799999999814E+0001
b   125  81  976084   2.51999999999767E+0002
b   126  81  977404   2.86199999999721E+0002
b   127  81  981988   1.83119999999879E+0002
b   128  81  985334   1.32000000000000E+0002
b   129  81  990056   7.80000000000000E+0001
a   102  82  988120   6.00000000000364E-0001
a   103  82  987490   4.09999999999854E+0000
e   104  82  984300   8.00000000000000E+0000
e   105  82  983830   1.51999999999971E+0001
e   106  82  980970   2.40000000000000E+0001
e   107  82  980780   5.10000000000000E+0001
e   108  82  978070   7.20000000000000E+0001
e   109  82  978160   7.80000000000000E+0001
e   110  82  975790   2.10000000000000E+0002
e   111  82  976120   3.48000000000000E+0002
e   112  82  973980   6.00000000000000E+0002
e   113  82  974480   9.00000000000000E+0002
e   114  82  972680   2.22000000000000E+0003
e   115  82  973360   4.80000000000000E+0002
e   116  82  971960   8.64000000000000E+0003
e   117  82  972870   5.40000000000000E+0003
e   118  82  971790   7.74000000000000E+0004
e   119  82  972830   3.35880000000000E+0004
e   120  82  972134   1.66950000000000E+0012
e   121  82  973365   1.87401599999905E+0005
n   122  82  973020  -1.42000000000007E+0000
e   123  82  974458   4.75650000000000E+0014
n   124  82  974440  -2.41000000000058E+0001
n   125  82  975872  -2.21000000000058E+0001
n   126  82  976627  -5.24000000000233E+0001
b   127  82  981065   1.17000000000000E+0004
b   128  82  984163   7.02450000000000E+0008
b   129  82  988735   2.16600000000000E+0003
b   130  82  991871   3.83040000000000E+0004
b   131  82  996510   6.12000000000000E+0002
b   132  82  999798   1.60800000000000E+0003
e   107  83  988480   5.40000000000146E+0000
e   108  83  986110   1.30000000000000E+0001
e   109  83  985400   4.20000000000000E+0001
e   110  83  983180   6.40000000000000E+0001
e   111  83  982540   1.08000000000116E+0002
e   112  83  980700   1.68000000000000E+0002
e   113  83  980690   2.70000000000000E+0002
e   114  83  978880   6.00000000000000E+0002
e   115  83  979000   7.11000000000000E+0002
e   116  83  977520   1.62000000000000E+0003
e   117  83  978090   2.16000000000000E+0003
e   118  83  976930   6.48000000000745E+0003
e   119  83  977660   6.19200000000745E+0003
e   120  83  976830   4.23360000000000E+0004
e   121  83  977740   4.03200000000000E+0004
e   122  83  977365   1.32278400000000E+0006
e   123  83  978478   5.39395199999809E+0005
e   124  83  978446   1.01430000000000E+0009
e   125  83  979717   1.15920000000000E+0013
n   126  83  980374  -1.00000000000000E+0002
b   127  83  984095   4.32864000000000E+0005
a   128  83  987255   1.28399999999907E+0002
b   129  83  991255   3.63239999999851E+0003
b   130  83  994359   2.73600000000000E+0003
e   131  83  998691   1.19400000000000E+0003
b   132  83    1930   4.44000000000000E+0002
a   110  84  988180   6.99999999999818E-0001
a   111  84  988010   4.50000000000000E+0000
e   112  84  985540   5.50000000000000E+0000
e   113  84  985600   5.60000000000000E+0001
e   114  84  983360   1.05599999999977E+0002
e   115  84  983610   3.12000000000000E+0002
e   116  84  981700   6.90000000000000E+0002
e   117  84  982190   9.18000000000000E+0002
e   118  84  980680   2.68200000000000E+0003
e   119  84  981370   2.08800000000000E+0003
e   120  84  980280   1.27080000000000E+0004
e   121  84  981150   6.48000000000745E+0003
e   122  84  980456   7.60320000000000E+0005
e   123  84  981570   2.09880000000000E+0004
a   124  84  981222   9.12870000000000E+0007
a   125  84  982404   3.30750000000000E+0009
a   126  84  982848   1.19577599999847E+0007
a   127  84  986627   5.20000000000437E-0001
a   128  84  988842   2.99999999999953E-0007
a   129  84  992833   4.19999999999587E-0006
a   130  84  995176   1.62999999999913E-0004
a   131  84  999419   1.78000000000011E-0003
a   132  84    1889   1.50000000000091E-0001
b   133  84    6260   5.00000000000000E+0000
a   134  84    8900   1.83000000000000E+0002
a   111  85  995730   3.00000000000182E-0001
e   112  85  993410   4.00000000000091E-0001
a   113  85  992550   4.90000000000146E+0000
e   114  85  990580   7.00000000000000E+0000
e   115  85  990370   4.30000000000000E+0001
e   116  85  988440   1.47999999999956E+0000
e   117  85  988420   1.81199999999953E+0002
e   118  85  986790   4.44000000000000E+0002
e   119  85  987210   5.52000000000000E+0002
e   120  85  986000   1.57200000000000E+0003
e   121  85  986580   1.76400000000000E+0003
e   122  85  985730   6.51600000000745E+0003
e   123  85  986510   5.86800000000000E+0003
e   124  85  986149   1.94760000000000E+0004
e   125  85  987126   2.91600000000298E+0004
e   126  85  987469   2.59560000000000E+0004
a   127  85  990725   3.00000000000182E-0001
a   128  85  992911   1.09999999999889E-0007
a   129  85  996347   5.60000000000144E-0007
a   130  85  998638   9.99999999998780E-0005
a   131  85    2390   2.99999999999745E-0004
a   132  85    4694   3.22999999999851E-0005
a   133  85    8684   1.60000000000036E+0000
a   134  85   11300   5.40000000000000E+0001
e   114  86  996700   1.00000000000000E+0000
e   115  86  995570   7.00000000000000E+0000
e   116  86  993230   9.89999999999418E+0000
e   117  86  993330   4.50000000000000E+0001
e   118  86  991330   7.44000000001397E+0001
e   119  86  991650   1.69799999999814E+0002
e   120  86  990140   3.40199999999721E+0002
e   121  86  990690   5.58000000000000E+0002
e   122  86  989610   1.46400000000000E+0003
e   123  86  990370   1.71000000000000E+0003
e   124  86  989669   8.64000000000000E+0003
e   125  86  990576   5.25600000000000E+0004
a   126  86  990697   1.44000000000000E+0003
a   127  86  993856   2.49999999999773E-0002
a   128  86  996347   2.69999999999698E-0007
a   129  86  998720   2.29999999999675E-0006
a   130  86     249   4.49999999999617E-0005
a   131  86    3902   5.39999999999395E-0007
a   132  86    5580   3.49999999999682E-0002
a   133  86    9479   3.96000000000276E+0000
a   134  86   11368   5.55999999999767E+0001
b   135  86   15470   1.50000000000000E+0003
a   136  86   17570   3.30048000000000E+0005
a   114  87    4110   4.80000000000018E-0002
a   115  87    3300   3.40000000000146E-0001
a   116  87    1000   5.50000000000182E-0001
a   117  87     670   2.09999999999854E+0000
a   118  87  998610   3.96000000000276E+0000
a   119  87  998460   1.60000000000000E+0001
a   120  87  996800   1.48000000000029E+0001
e   121  87  997080   5.90000000000000E+0001
e   122  87  995878   5.00000000000000E+0001
a   123  87  996340   1.92000000000000E+0002
e   124  87  995490   1.86000000000000E+0002
e   125  87  996130   1.20000000000000E+0003
a   126  87  996165   3.45999999999767E+0001
a   127  87  998948   5.09999999999877E-0003
a   128  87     310   1.19999999999938E-0007
a   129  87    3178   6.99999999999312E-0007
a   130  87    4609   2.19999999999942E-0005
a   131  87    7553   6.99999999999257E-0004
a   132  87    9242   2.10000000000000E+0001
a   133  87   12293   2.73999999999942E+0001
a   134  87   14230   2.94000000000000E+0002
b   135  87   17563   8.64000000000000E+0002
b   136  87   19733   1.30800000000000E+0003
b   137  87   23220   1.62000000000000E+0002
b   138  87   25590   2.34000000000000E+0002
b   139  87   29200   4.80000000000000E+0001
b   140  87   31770   1.44000000000000E+0002
b   141  87   35570   3.90000000000000E+0001
a   118  88    3800   4.00000000000091E-0001
a   119  88    3740   1.29999999999927E+0000
a   120  88    1750   1.39999999999964E+0000
a   121  88    1930   4.59999999999854E+0000
a   122  88     430   3.70000000000073E+0000
e   123  88     860   1.30000000000000E+0001
a   124  88  999760   1.30000000000000E+0001
e   125  88     330   1.62000000000000E+0002
a   126  88      79   2.46000000000276E+0000
a   127  88    2695   1.58999999999843E-0003
a   128  88    3509   1.80000000000015E-0007
a   129  88    6294   1.59999999999917E-0006
a   130  88    7117   1.39999999999862E-0005
a   131  88   10053   9.99999999999091E-0003
a   132  88   11004   2.29999999999961E-0002
a   133  88   13889   2.80000000000000E+0001
a   134  88   15353   3.80000000000000E+0001
a   135  88   18501   9.87551999999046E+0005
a   136  88   20186   3.16224000000000E+0005
b   137  88   23604   1.27872000000000E+0006
a   138  88   25402   5.04630000000000E+0010
b   139  88   29170   2.52000000000000E+0003
b   140  88   31064   1.81125000000000E+0008
b   141  88   34870   2.40000000000000E+0002
b   142  88   36990   5.58000000000000E+0003
a   121  89    9230   3.50000000000364E-0001
a   122  89    7590   2.50000000000000E-0001
a   123  89    7760   9.30000000000291E-0001
a   124  89    6530   8.00000000000182E-0001
e   125  89    6840   8.19999999999709E+0000
a   126  89    6410   1.70000000000073E-0001
a   127  89    8650   3.30000000000386E-0004
a   128  89    9322   1.09999999999889E-0007
a   129  89   11610   2.69999999999698E-0007
a   130  89   12390   6.99999999999312E-0006
a   131  89   14740   2.60999999999854E-0002
a   132  89   15570   5.19999999999641E-0002
a   133  89   17824   4.19999999999709E+0000
e   134  89   19128   1.32000000000000E+0002
e   135  89   21685   1.04400000000000E+0004
a   136  89   23205   8.64000000000000E+0005
b   137  89   26084   1.04400000000000E+0005
b   138  89   27750   6.85755000000977E+0008
b   139  89   31015   2.19600000000000E+0004
b   140  89   32980   3.77999999999627E+0003
b   141  89   36240   1.21799999999930E+0002
b   142  89   38550   4.50000000000000E+0002
b   143  89   42130   3.50000000000000E+0001
a   122  90   12890   2.99999999999727E-0002
a   123  90   12940   1.40000000000100E-0001
a   124  90   11430   8.60000000000582E-0001
a   125  90   11690   1.20000000000073E+0000
a   126  90   11030   2.79999999999916E-0002
a   127  90   13050   2.51999999999697E-0004
a   128  90   13252   1.09999999999889E-0007
a   129  90   15510   1.04999999999897E-0006
a   130  90   15724   9.69999999998750E-0006
a   131  90   18160   1.67999999999857E-0003
a   132  90   18447   2.79999999999703E-0003
a   133  90   20659   6.60000000000764E-0001
a   134  90   21449   1.04000000000087E+0000
e   135  90   23922   4.80000000000000E+0002
a   136  90   24885   1.86000000000000E+0003
a   137  90   27703   1.61740800000000E+0006
a   138  90   28715   6.02595000000000E+0007
a   139  90   31755   2.29950000000000E+0011
a   140  90   33127   2.37510000000000E+0012
b   141  90   36298   9.07200000000000E+0004
a   142  90   38054   4.41000000000360E+0017
b   143  90   41577   1.33800000000000E+0003
b   144  90   43593   2.08224000000000E+0006
b   145  90   47510   4.14000000000000E+0002
a   125  91   18960   2.00000000000045E-0001
a   126  91   18250   4.89999999999924E-0003
a   127  91   19960   1.19999999999898E-0004
a   131  91   23560   4.30000000000064E-0003
a   132  91   23950   6.00000000000023E-0003
a   133  91   25530   9.50000000000728E-0001
a   134  91   26090   1.80000000000109E+0000
e   135  91   27928   1.80000000000109E+0000
e   136  91   28797   2.29800000000000E+0003
e   137  91   30773   7.92000000000000E+0004
e   138  91   32073   1.20960000000000E+0005
e   139  91   34527   1.50336000000000E+0006
a   140  91   35880   1.03005000000000E+0012
b   141  91   38565   1.13184000000000E+0005
b   142  91   40242   2.33280000000000E+0006
b   143  91   43303   2.41200000000000E+0004
b   144  91   45430   1.44600000000000E+0003
b   145  91   48890   5.46000000000000E+0002
b   146  91   51140   5.22000000000000E+0002
b   147  91   55040   1.38000000000000E+0002
a   134  92   29170   5.00000000000000E-0001
a   135  92   30990   6.60000000000000E+0001
a   136  92   31356   5.46000000000000E+0002
e   137  92   33474   3.48000000000000E+0003
a   138  92   33921   1.79711999999809E+0006
e   139  92   36270   3.62879999999523E+0005
a   140  92   37130   2.17035000000000E+0009
a   141  92   39628   5.00850000000000E+0012
a   142  92   40946   7.71750000000000E+0012
a   143  92   43924   2.21760000000000E+0016
a   144  92   45562   7.37100000000000E+0014
b   145  92   48724   5.83200000000000E+0005
a   146  92   50784   1.40490000000090E+0017
b   147  92   54289   1.41240000000037E+0003
b   148  92   56587   5.07600000000000E+0004
a   136  93   36230   2.51999999999767E+0002
e   137  93   37810   2.76000000000000E+0002
e   138  93   38240   2.92800000000000E+0003
e   139  93   40020   8.82000000000000E+0002
e   140  93   40800   2.17200000000000E+0003
e   141  93   42888   3.80160000000000E+0005
e   142  93   44056   3.40200000000000E+0007
e   143  93   46550   3.78000000000000E+0012
a   144  93   48167   6.74100000000000E+0013
b   145  93   50941   1.82908799999952E+0005
b   146  93   52933   2.03039999999762E+0005
b   147  93   56060   3.70800000000373E+0003
b   148  93   58250   8.34000000000000E+0002
b   149  93   61640   1.32000000000000E+0002
e   138  94   41169   2.04000000000000E+0003
e   139  94   42970   1.25400000000000E+0003
e   140  94   43299   3.16800000000000E+0004
e   141  94   45260   1.53600000000000E+0003
a   142  94   46032   8.97750000000000E+0007
e   143  94   48401   3.89663999999619E+0006
a   144  94   49554   2.76381000000000E+0009
a   145  94   52157   7.59465000000000E+0011
a   146  94   53808   2.05915500000000E+0011
b   147  94   56845   4.53600000000000E+0008
a   148  94   58737   1.18440000000000E+0013
b   149  94   61998   1.78200000000298E+0004
a   150  94   64199   2.58300000000000E+0015
b   151  94   67820   3.78000000000000E+0004
b   152  94   70171   9.37440000000954E+0005
e   142  95   50050   4.39200000000745E+0003
e   143  95   51980   5.86800000000000E+0003
e   144  95   53016   4.28435999999642E+0004
e   145  95   55278   1.83240000000000E+0005
a   146  95   56823   1.36143000000000E+0010
b   147  95   59541   5.76360000000596E+0004
a   148  95   61375   2.32155000000000E+0011
b   149  95   64279   3.63600000000000E+0004
b   150  95   66444   7.38000000000000E+0003
b   151  95   69770   2.34000000000000E+0003
b   152  95   72170   1.32000000000000E+0003
e   142  96   53020   8.64000000000000E+0003
e   143  96   54840   1.08000000000000E+0004
a   144  96   55503   2.33280000000000E+0006
e   145  96   57465   2.83392000000000E+0006
a   146  96   58830   1.40745599999847E+0007
a   147  96   61381   8.97750000000000E+0008
a   148  96   62747   5.70465000000000E+0008
a   149  96   65483   2.67750000000000E+0011
a   150  96   67218   1.50570000000000E+0011
a   151  96   70347   4.91400000000000E+0014
a   152  96   72343   1.07100000000000E+0013
b   153  96   75948   3.84900000000000E+0003
b   154  96   78352   2.33100000000000E+0011
b   155  96   82290   1.00799999999907E+0003
e   145  97   61940   4.20000000000000E+0002
e   146  97   62997   1.62000000000000E+0004
e   147  97   65160   1.58400000000000E+0004
e   148  97   66357   4.26816000000000E+0005
e   149  97   68720   1.55520000000000E+0005
a   150  97   70300   4.41000000000000E+0010
b   151  97   73106   8.53200000000000E+0004
b   152  97   74980   2.76480000000000E+0007
b   153  97   78312   1.15920000000000E+0004
b   154  97   80760   3.42000000000000E+0003
a   142  98   62280   6.35999999999767E+0001
e   143  98   63520   2.28000000000000E+0002
a   144  98   63690   2.10000000000000E+0002
e   145  98   65390   6.42000000000000E+0002
a   146  98   65979   1.16400000000000E+0003
e   147  98   68037   2.61600000000000E+0003
a   148  98   68800   1.29600000000000E+0005
e   149  98   71020   1.11959999999851E+0004
a   150  98   72183   2.88576000000000E+0007
a   151  98   74844   3.03264000000000E+0007
a   152  98   76400   4.12650000000000E+0008
a   153  98   79580   2.80350000000000E+0010
a   154  98   81621   8.31600000000000E+0007
b   155  98   85127   1.53791999999809E+0006
a   156  98   87318   5.22720000000000E+0006
e   144  99   69470   2.10000000000000E+0001
e   145  99   70810   3.70000000000000E+0001
e   146  99   71260   7.98000000000466E+0001
e   147  99   72920   4.62000000000000E+0002
e   148  99   73590   2.82000000000000E+0002
e   149  99   75440   1.62000000000000E+0003
e   150  99   76340   6.12000000000000E+0003
e   151  99   78660   3.09600000000298E+0004
e   152  99   79986   1.19231999999881E+0005
a   153  99   82944   4.07808000000000E+0007
a   154  99   84818   1.76860800000000E+0006
a   155  99   88019   2.37600000000000E+0007
b   156  99   90270   3.43872000000000E+0006
b   157  99   93560   1.50000000000000E+0003
a   143 100   74460   1.80000000000064E-0001
f   144 100   74120   3.69999999999848E-0003
a   145 100   76250   4.00000000000000E+0000
e   146 100   75290   1.10000000000036E+0000
a   147 100   76800   3.50000000000000E+0001
e   148 100   77171   3.60000000000000E+0001
e   149 100   78910   1.56000000000000E+0002
a   150 100   79509   1.80000000000000E+0003
e   151 100   81590   1.90800000000000E+0004
a   152 100   82466   9.14400000000000E+0004
e   153 100   85173   2.59200000000000E+0005
f   154 100   86846   1.16640000000000E+0004
a   155 100   89948   7.23600000000000E+0004
f   156 100   91767   9.46799999998510E+0003
f   157 100   95099   8.64000000000000E+0006
e   147 101   82750   7.00000000000000E+0000
e   148 101   82950   2.40000000000000E+0001
e   149 101   84380   5.20000000000000E+0001
e   150 101   84830   2.40000000000000E+0002
e   151 101   86470   1.38000000000000E+0002
e   153 101   89630   6.18000000000000E+0002
e   154 101   91081   1.62000000000000E+0003
e   155 101   93960   4.56000000000000E+0003
e   156 101   95580   1.87200000000000E+0004
a   157 101   98570   4.83840000000000E+0006
a   149 102   88870   8.00000000000182E-0001
f   150 102   88949   2.29999999999927E+0000
a   151 102   90530   1.02000000000000E+0002
a   152 102   90953   5.50000000000000E+0001
e   153 102   93260   1.86000000000000E+0002
a   154 102   94252   3.20000000000073E+0000
a   155 102   96850   2.50000000000000E+0001
f   156 102   98150   1.20000000000076E-0003
e   157 102  100931   3.48000000000000E+0003
a   150 103   95150   1.39999999999964E+0000
a   151 103   96320   2.00000000000000E+0001
a   152 103   96670   2.20000000000000E+0001
f   153 103   98490   2.80000000000000E+0001
a   154 103   99480   6.50000000000546E-0001
a   155 103  101710   4.30000000000291E+0000
a   156 103  102900   5.40000000000146E+0000
a   157 103  105320   1.80000000000000E+0002
a   153 104  102950   4.80000000000291E+0000
f   154 104  103430   1.09999999999957E-0002
f   155 104  105530   6.50000000000000E+0001
f   156 104  106300   1.99999999999818E-0002
a   157 104  108690   6.50000000000000E+0001
f   152 105  107770   1.00000000000000E+0000
a   153 105  109020   4.00000000000000E+0000
f   154 105  109580   1.20000000000073E+0000
f   155 105  111040   1.50000000000000E+0000
f   156 105  111820   1.80000000000109E+0000
f   157 105  113760   3.40000000000000E+0001
