 105
   1
   4
   8
  13
  18
  24
  32
  40
  49
  56
  65
  78
  90
  99
 110
 120
 131
 142
 156
 171
 187
 199
 212
 223
 236
 248
 261
 273
 287
 301
 321
 341
 361
 380
 399
 418
 439
 463
 483
 503
 523
 541
 560
 578
 597
 616
 637
 662
 686
 716
 743
 770
 800
 830
 859
 891
 920
 942
 963
 984
1004
1024
1045
1065
1085
1105
1126
1149
1173
1198
1223
1250
1275
1300
1326
1354
1385
1414
1444
1473
1502
1527
1558
1584
1609
1633
1656
1684
1709
1732
1756
1776
1791
1805
1820
1831
1845
1855
1870
1884
1899
1909
1918
1926
1931
 262
1936
     1     1
     2     2
     3     4
     5     5
     6     6
     7     8
     9    10
    11    14
    15    18
    19    21
    22    24
    25    27
    28    31
    32    34
    35    37
    38    40
    41    44
    45    48
    49    53
    54    58
    59    63
    64    68
    69    72
    73    77
    78    82
    83    87
    88    91
    92    96
    97   102
   103   108
   109   115
   116   120
   121   125
   126   130
   131   135
   136   141
   142   146
   147   151
   152   156
   157   161
   162   167
   168   172
   173   177
   178   183
   184   189
   190   195
   196   201
   202   207
   208   214
   215   220
   221   227
   228   232
   233   239
   240   244
   245   250
   251   255
   256   260
   261   265
   266   271
   272   277
   278   282
   283   288
   289   294
   295   300
   301   305
   306   310
   311   316
   317   321
   322   326
   327   333
   334   339
   340   346
   347   353
   354   360
   361   368
   369   376
   377   384
   385   392
   393   400
   401   409
   410   418
   419   427
   428   436
   437   444
   445   452
   453   460
   461   468
   469   476
   477   484
   485   493
   494   500
   501   509
   510   517
   518   526
   527   535
   536   545
   546   556
   557   567
   568   577
   578   586
   587   595
   596   604
   605   613
   614   621
   622   629
   630   638
   639   646
   647   655
   656   664
   665   674
   675   683
   684   692
   693   700
   701   710
   711   720
   721   730
   731   739
   740   748
   749   757
   758   767
   768   777
   778   786
   787   794
   795   802
   803   810
   811   818
   819   827
   828   836
   837   845
   846   854
   855   864
   865   874
   875   883
   884   893
   894   903
   904   913
   914   923
   924   933
   934   943
   944   952
   953   962
   963   972
   973   982
   983   992
   993  1003
  1004  1013
  1014  1024
  1025  1036
  1037  1046
  1047  1057
  1058  1068
  1069  1079
  1080  1089
  1090  1100
  1101  1111
  1112  1121
  1122  1131
  1132  1142
  1143  1153
  1154  1165
  1166  1176
  1177  1187
  1188  1197
  1198  1207
  1208  1215
  1216  1226
  1227  1236
  1237  1245
  1246  1253
  1254  1263
  1264  1271
  1272  1282
  1283  1292
  1293  1302
  1303  1312
  1313  1323
  1324  1333
  1334  1344
  1345  1354
  1355  1364
  1365  1373
  1374  1382
  1383  1391
  1392  1402
  1403  1411
  1412  1421
  1422  1430
  1431  1439
  1440  1448
  1449  1458
  1459  1466
  1467  1475
  1476  1483
  1484  1492
  1493  1501
  1502  1511
  1512  1520
  1521  1529
  1530  1537
  1538  1546
  1547  1556
  1557  1565
  1566  1574
  1575  1583
  1584  1591
  1592  1600
  1601  1608
  1609  1616
  1617  1624
  1625  1633
  1634  1641
  1642  1650
  1651  1659
  1660  1668
  1669  1676
  1677  1684
  1685  1692
  1693  1700
  1701  1706
  1707  1711
  1712  1716
  1717  1722
  1723  1727
  1728  1732
  1733  1737
  1738  1743
  1744  1749
  1750  1755
  1756  1761
  1762  1767
  1768  1772
  1773  1778
  1779  1783
  1784  1788
  1789  1793
  1794  1797
  1798  1802
  1803  1808
  1809  1813
  1814  1819
  1820  1824
  1825  1830
  1831  1837
  1838  1844
  1845  1851
  1852  1858
  1859  1864
  1865  1870
  1871  1876
  1877  1882
  1883  1889
  1890  1894
  1895  1899
  1900  1905
  1906  1910
  1911  1915
  1916  1921
  1922  1926
  1927  1930
  1931  1933
  1934  1935
  1936  1936
   1
   2
   3
   4
   5
   8
   6
   9
  10
  13
   7
  11
  14
  18
  12
  15
  19
  24
  16
  20
  25
  17
  21
  26
  22
  27
  32
  23
  28
  33
  40
  29
  34
  41
  30
  35
  42
  31
  36
  43
  37
  44
  49
  56
  38
  45
  50
  57
  39
  46
  51
  58
  65
  47
  52
  59
  66
  78
  48
  53
  60
  67
  79
  54
  61
  68
  80
  90
  55
  62
  69
  81
  63
  70
  82
  91
  99
  64
  71
  83
  92
 100
  72
  84
  93
 101
 110
  73
  85
  94
 102
  74
  86
  95
 103
 111
  75
  87
  96
 104
 112
 120
  76
  88
  97
 105
 113
 121
  77
  89
  98
 106
 114
 122
 131
 107
 115
 123
 132
 142
 108
 116
 124
 133
 143
 109
 117
 125
 134
 144
 118
 126
 135
 145
 156
 119
 127
 136
 146
 157
 171
 128
 137
 147
 158
 172
 129
 138
 148
 159
 173
 130
 139
 149
 160
 174
 140
 150
 161
 175
 187
 141
 151
 162
 176
 188
 199
 152
 163
 177
 189
 200
 153
 164
 178
 190
 201
 154
 165
 179
 191
 202
 212
 155
 166
 180
 192
 203
 223
 167
 181
 193
 204
 213
 224
 168
 182
 194
 205
 214
 225
 169
 183
 195
 206
 215
 226
 170
 184
 196
 207
 216
 227
 236
 185
 197
 208
 217
 228
 237
 186
 198
 209
 218
 229
 238
 248
 210
 219
 230
 239
 249
 211
 220
 231
 240
 250
 261
 273
 221
 232
 241
 251
 262
 222
 233
 242
 252
 263
 274
 234
 243
 253
 264
 275
 235
 244
 254
 265
 276
 245
 255
 266
 277
 287
 246
 256
 267
 278
 288
 301
 247
 257
 268
 279
 289
 302
 258
 269
 280
 290
 303
 259
 270
 281
 291
 304
 321
 260
 271
 282
 292
 305
 322
 272
 283
 293
 306
 323
 341
 284
 294
 307
 324
 342
 285
 295
 308
 325
 343
 286
 296
 309
 326
 344
 361
 297
 310
 327
 345
 362
 298
 311
 328
 346
 380
 299
 312
 329
 347
 363
 364
 381
 300
 313
 330
 348
 365
 382
 314
 331
 349
 366
 383
 399
 418
 315
 332
 350
 367
 384
 400
 419
 316
 333
 351
 368
 385
 401
 420
 317
 334
 352
 369
 386
 402
 421
 439
 318
 335
 353
 370
 387
 403
 422
 440
 319
 336
 354
 371
 388
 404
 423
 441
 320
 337
 355
 372
 389
 405
 424
 442
 338
 356
 373
 390
 406
 425
 443
 463
 339
 357
 374
 391
 407
 426
 444
 464
 483
 340
 358
 375
 392
 408
 427
 445
 465
 484
 359
 376
 393
 409
 428
 446
 466
 485
 503
 360
 377
 394
 410
 429
 447
 467
 486
 504
 378
 395
 411
 430
 448
 468
 487
 505
 379
 396
 412
 431
 449
 469
 488
 506
 397
 413
 432
 450
 470
 489
 507
 523
 398
 414
 433
 451
 471
 490
 508
 524
 415
 434
 452
 472
 491
 509
 525
 541
 416
 435
 453
 473
 492
 510
 526
 542
 417
 436
 454
 474
 493
 511
 527
 543
 560
 437
 455
 475
 494
 512
 528
 544
 438
 456
 476
 495
 513
 529
 545
 561
 578
 457
 477
 496
 514
 530
 546
 562
 579
 458
 478
 497
 515
 531
 547
 563
 580
 597
 459
 479
 498
 516
 532
 548
 564
 581
 598
 460
 480
 499
 517
 533
 549
 565
 582
 599
 616
 461
 481
 500
 518
 534
 550
 566
 583
 600
 617
 637
 462
 482
 501
 519
 535
 551
 567
 584
 601
 618
 638
 502
 520
 536
 552
 568
 585
 602
 619
 639
 662
 521
 537
 553
 569
 586
 603
 620
 640
 663
 522
 538
 554
 570
 587
 604
 621
 641
 664
 539
 555
 571
 588
 605
 622
 642
 665
 686
 540
 556
 572
 589
 606
 623
 643
 666
 687
 557
 573
 590
 607
 624
 644
 667
 688
 558
 574
 591
 608
 625
 645
 668
 689
 559
 575
 592
 609
 626
 646
 669
 690
 716
 576
 593
 610
 627
 647
 670
 691
 717
 577
 594
 611
 628
 648
 671
 692
 718
 770
 595
 612
 629
 649
 672
 693
 719
 743
 771
 596
 613
 630
 650
 673
 694
 720
 744
 772
 800
 614
 631
 651
 674
 695
 721
 745
 773
 801
 615
 632
 652
 675
 696
 722
 746
 774
 802
 633
 653
 676
 697
 723
 747
 775
 803
 634
 654
 677
 698
 724
 748
 776
 804
 830
 859
 635
 655
 678
 699
 725
 749
 777
 805
 831
 860
 636
 656
 679
 700
 726
 750
 778
 806
 832
 861
 657
 680
 701
 727
 751
 779
 807
 833
 862
 658
 681
 702
 728
 752
 780
 808
 834
 863
 659
 682
 703
 729
 753
 781
 809
 835
 864
 660
 683
 704
 730
 754
 782
 810
 836
 865
 891
 661
 684
 705
 731
 755
 783
 811
 837
 866
 892
 685
 706
 732
 756
 784
 812
 838
 867
 893
 707
 733
 757
 785
 813
 839
 868
 894
 708
 734
 758
 786
 814
 840
 869
 895
 709
 735
 759
 787
 815
 841
 870
 896
 710
 736
 760
 788
 816
 842
 871
 897
 711
 737
 761
 789
 817
 843
 872
 898
 920
 712
 738
 762
 790
 818
 844
 873
 899
 921
 713
 739
 763
 791
 819
 845
 874
 900
 922
 714
 740
 764
 792
 820
 846
 875
 901
 923
 715
 741
 765
 793
 821
 847
 876
 902
 924
 942
 742
 766
 794
 822
 848
 877
 903
 925
 943
 963
 767
 795
 823
 849
 878
 904
 926
 944
 964
 768
 796
 824
 850
 879
 905
 927
 945
 965
 984
 769
 797
 825
 851
 880
 906
 928
 946
 966
 985
 798
 826
 852
 881
 907
 929
 947
 967
 986
1004
 799
 827
 853
 882
 908
 930
 948
 968
 987
1005
 828
 854
 883
 909
 931
 949
 969
 988
1006
1024
 829
 855
 884
 910
 932
 950
 970
 989
1007
1025
 856
 885
 911
 933
 951
 971
 990
1008
1026
 857
 886
 912
 934
 952
 972
 991
1009
1027
1045
 858
 887
 913
 935
 953
 973
 992
1010
1028
1046
 888
 914
 936
 954
 974
 993
1011
1029
1047
1065
 889
 915
 937
 955
 975
 994
1012
1030
1048
1066
 890
 916
 938
 956
 976
 995
1013
1031
1049
1067
1085
 917
 939
 957
 977
 996
1014
1032
1050
1068
1086
 918
 940
 958
 978
 997
1015
1033
1051
1069
1087
1105
 919
 941
 959
 979
 998
1016
1034
1052
1070
1088
1106
1126
 960
 980
 999
1017
1035
1053
1071
1089
1107
1127
 961
 981
1000
1018
1036
1054
1072
1090
1108
1128
1149
 962
 982
1001
1019
1037
1055
1073
1091
1109
1129
1150
 983
1002
1020
1038
1056
1074
1092
1110
1130
1151
1173
1003
1021
1039
1057
1075
1093
1111
1131
1152
1174
1022
1040
1058
1076
1094
1112
1132
1153
1175
1198
1223
1023
1041
1059
1077
1095
1113
1133
1154
1176
1199
1224
1042
1060
1078
1096
1114
1134
1155
1177
1200
1225
1043
1061
1079
1097
1115
1135
1156
1178
1201
1226
1044
1062
1080
1098
1116
1136
1157
1179
1202
1227
1250
1063
1081
1099
1117
1137
1158
1180
1203
1228
1251
1275
1064
1082
1100
1118
1138
1159
1181
1204
1229
1252
1276
1300
1083
1101
1119
1139
1160
1182
1205
1230
1253
1277
1301
1084
1102
1120
1140
1161
1183
1206
1231
1254
1302
1326
1103
1121
1141
1162
1184
1207
1232
1255
1303
1327
1104
1122
1142
1163
1185
1208
1233
1278
1304
1328
1123
1143
1164
1186
1209
1234
1305
1329
1124
1144
1165
1187
1210
1235
1256
1279
1306
1330
1354
1125
1145
1166
1188
1211
1236
1257
1280
1331
1355
1146
1167
1189
1212
1237
1258
1281
1332
1356
1147
1168
1190
1213
1238
1259
1282
1357
1148
1169
1191
1214
1239
1260
1283
1333
1358
1385
1170
1192
1215
1240
1261
1284
1359
1386
1171
1193
1216
1241
1262
1285
1307
1334
1360
1387
1414
1172
1194
1217
1242
1263
1286
1308
1361
1388
1415
1195
1218
1243
1264
1287
1309
1335
1362
1389
1416
1196
1219
1244
1265
1288
1310
1336
1363
1390
1417
1197
1220
1245
1266
1289
1311
1337
1364
1391
1418
1444
1221
1246
1267
1290
1312
1338
1365
1392
1419
1445
1222
1247
1268
1291
1313
1339
1366
1393
1420
1446
1473
1248
1269
1292
1314
1340
1367
1394
1421
1447
1474
1249
1270
1293
1315
1341
1368
1395
1422
1448
1475
1271
1294
1316
1342
1369
1396
1423
1449
1476
1272
1295
1317
1343
1370
1397
1424
1450
1477
1273
1296
1318
1344
1371
1398
1425
1451
1478
1274
1297
1319
1345
1372
1399
1426
1452
1479
1502
1527
1298
1320
1346
1373
1400
1427
1453
1480
1528
1299
1321
1347
1374
1401
1428
1454
1481
1503
1529
1322
1348
1375
1402
1429
1455
1482
1504
1530
1323
1349
1376
1403
1430
1456
1483
1505
1531
1324
1350
1377
1404
1431
1457
1484
1506
1532
1325
1351
1378
1405
1432
1458
1485
1507
1533
1558
1352
1379
1406
1433
1459
1486
1534
1559
1353
1380
1407
1434
1460
1487
1508
1535
1560
1381
1408
1435
1461
1488
1509
1536
1561
1382
1409
1436
1462
1489
1510
1537
1562
1584
1383
1410
1437
1463
1490
1511
1538
1563
1585
1384
1411
1438
1464
1491
1512
1539
1564
1586
1609
1412
1439
1465
1492
1513
1540
1565
1587
1610
1413
1440
1466
1493
1514
1541
1566
1588
1611
1441
1467
1494
1515
1542
1567
1589
1612
1442
1468
1495
1516
1543
1568
1590
1613
1633
1443
1469
1496
1517
1544
1569
1591
1614
1634
1656
1470
1497
1518
1545
1570
1592
1615
1635
1657
1471
1498
1519
1546
1571
1593
1616
1636
1658
1472
1499
1520
1547
1572
1594
1617
1637
1659
1500
1521
1548
1573
1595
1618
1638
1660
1501
1522
1549
1574
1596
1619
1639
1661
1684
1523
1550
1575
1597
1620
1640
1662
1685
1524
1551
1576
1598
1621
1641
1663
1686
1525
1552
1577
1599
1622
1642
1664
1687
1526
1553
1578
1600
1623
1643
1665
1688
1709
1554
1579
1601
1624
1644
1666
1689
1710
1555
1580
1602
1625
1645
1667
1690
1711
1732
1556
1581
1603
1626
1646
1668
1691
1712
1733
1557
1582
1604
1627
1647
1669
1692
1713
1734
1583
1605
1628
1648
1670
1693
1714
1735
1606
1629
1649
1671
1694
1715
1736
1756
1607
1630
1650
1672
1695
1716
1737
1757
1608
1631
1651
1673
1696
1717
1738
1758
1632
1652
1674
1697
1718
1739
1653
1675
1698
1719
1740
1654
1676
1699
1720
1741
1655
1677
1700
1721
1742
1759
1678
1701
1722
1743
1760
1679
1702
1723
1744
1761
1680
1703
1724
1745
1762
1681
1704
1725
1746
1763
1776
1682
1705
1726
1747
1764
1777
1683
1706
1727
1748
1765
1778
1707
1728
1749
1766
1779
1791
1708
1729
1750
1767
1780
1792
1730
1751
1768
1781
1793
1731
1752
1769
1782
1794
1805
1753
1770
1783
1795
1806
1754
1771
1784
1796
1807
1755
1772
1785
1797
1808
1773
1786
1798
1809
1774
1787
1799
1810
1820
1775
1788
1800
1811
1821
1831
1789
1801
1812
1822
1832
1790
1802
1813
1823
1833
1855
1803
1814
1824
1834
1856
1804
1815
1825
1835
1845
1857
1816
1826
1836
1846
1858
1870
1884
1817
1827
1837
1847
1859
1871
1885
1818
1828
1838
1848
1860
1872
1886
1819
1829
1839
1849
1861
1873
1887
1830
1840
1850
1862
1874
1888
1841
1851
1863
1875
1889
1899
1842
1852
1864
1876
1890
1900
1843
1853
1865
1877
1891
1901
1844
1854
1866
1878
1892
1902
1909
1867
1879
1893
1903
1910
1868
1880
1894
1911
1918
1869
1881
1895
1904
1912
1919
1882
1896
1905
1913
1920
1883
1897
1906
1914
1921
1898
1907
1915
1922
1926
1931
1908
1916
1923
1927
1932
1917
1924
1928
1933
1925
1929
1934
1930
1935
1936
 157
1936
     1     1
     2     3
     4     6
     7    10
    11    15
    16    21
    22    28
    29    34
    35    42
    43    50
    51    58
    59    67
    68    75
    76    84
    85    94
    95   103
   104   113
   114   123
   124   133
   134   144
   145   154
   155   164
   165   172
   173   181
   182   190
   191   200
   201   210
   211   221
   222   231
   232   243
   244   255
   256   266
   267   276
   277   285
   286   294
   295   304
   305   313
   314   325
   326   335
   336   345
   346   354
   355   365
   366   377
   378   388
   389   399
   400   411
   412   424
   425   438
   439   452
   453   467
   468   484
   485   501
   502   517
   518   533
   534   548
   549   563
   564   579
   580   595
   596   612
   613   630
   631   649
   650   666
   667   681
   682   695
   696   710
   711   724
   725   737
   738   749
   750   760
   761   771
   772   783
   784   794
   795   805
   806   818
   819   832
   833   845
   846   859
   860   873
   874   888
   889   904
   905   921
   922   940
   941   960
   961   980
   981  1001
  1002  1021
  1022  1043
  1044  1065
  1066  1087
  1088  1107
  1108  1128
  1129  1149
  1150  1167
  1168  1185
  1186  1201
  1202  1217
  1218  1232
  1233  1248
  1249  1264
  1265  1280
  1281  1295
  1296  1310
  1311  1325
  1326  1341
  1342  1355
  1356  1370
  1371  1384
  1385  1399
  1400  1413
  1414  1426
  1427  1438
  1439  1452
  1453  1466
  1467  1479
  1480  1493
  1494  1507
  1508  1521
  1522  1534
  1535  1547
  1548  1560
  1561  1573
  1574  1586
  1587  1599
  1600  1612
  1613  1624
  1625  1637
  1638  1649
  1650  1660
  1661  1670
  1671  1680
  1681  1689
  1690  1699
  1700  1709
  1710  1717
  1718  1726
  1727  1733
  1734  1741
  1742  1748
  1749  1756
  1757  1764
  1765  1772
  1773  1780
  1781  1790
  1791  1800
  1801  1810
  1811  1821
  1822  1831
  1832  1842
  1843  1852
  1853  1862
  1863  1872
  1873  1882
  1883  1892
  1893  1902
  1903  1912
  1913  1921
  1922  1929
  1930  1936
   1
   2
   4
   3
   5
   8
   9
  13
  18
  24
   6
  10
  14
  19
  25
  11
  15
  20
  26
  32
  40
   7
  12
  16
  21
  27
  33
  41
  17
  22
  28
  34
  42
  56
  23
  29
  35
  43
  49
  57
  65
  78
  30
  36
  44
  50
  58
  66
  79
  90
  31
  37
  45
  51
  59
  67
  80
  99
  38
  46
  52
  60
  68
  81
  91
 100
 110
  39
  47
  53
  61
  69
  82
  92
 101
  48
  54
  62
  70
  83
  93
 102
 111
 120
  55
  63
  71
  84
  94
 103
 112
 121
 131
 142
  64
  72
  85
  95
 104
 113
 122
 132
 143
  73
  86
  96
 105
 114
 123
 133
 144
 156
 171
  74
  87
  97
 106
 115
 124
 134
 145
 157
 172
  75
  88
  98
 107
 116
 125
 135
 146
 158
 173
  76
  89
 108
 117
 126
 136
 147
 159
 174
 187
 199
  77
 109
 118
 127
 137
 148
 160
 175
 188
 200
 119
 128
 138
 149
 161
 176
 189
 201
 212
 223
 129
 139
 150
 162
 177
 190
 202
 224
 130
 140
 151
 163
 178
 191
 203
 213
 225
 141
 152
 164
 179
 192
 204
 214
 226
 236
 153
 165
 180
 193
 205
 215
 227
 237
 248
 273
 154
 166
 181
 194
 206
 216
 228
 238
 249
 261
 155
 167
 182
 195
 207
 217
 229
 239
 250
 262
 274
 168
 183
 196
 208
 218
 230
 240
 251
 263
 275
 169
 184
 197
 209
 219
 231
 241
 252
 264
 276
 287
 301
 170
 185
 198
 210
 220
 232
 242
 253
 265
 277
 288
 302
 186
 211
 221
 233
 243
 254
 266
 278
 289
 303
 321
 222
 234
 244
 255
 267
 279
 290
 304
 322
 341
 235
 245
 256
 268
 280
 291
 305
 323
 342
 246
 257
 269
 281
 292
 306
 324
 343
 361
 247
 258
 270
 282
 293
 307
 325
 344
 362
 380
 259
 271
 283
 294
 308
 326
 345
 381
 418
 260
 272
 284
 295
 309
 327
 346
 363
 364
 382
 399
 419
 285
 296
 310
 328
 347
 365
 383
 400
 420
 439
 286
 297
 311
 329
 348
 366
 384
 401
 421
 440
 298
 312
 330
 349
 367
 385
 402
 422
 441
 299
 313
 331
 350
 368
 386
 403
 423
 442
 463
 483
 300
 314
 332
 351
 369
 387
 404
 424
 443
 464
 484
 503
 315
 333
 352
 370
 388
 405
 425
 444
 465
 485
 504
 316
 334
 353
 371
 389
 406
 426
 445
 466
 486
 505
 317
 335
 354
 372
 390
 407
 427
 446
 467
 487
 506
 523
 318
 336
 355
 373
 391
 408
 428
 447
 468
 488
 507
 524
 541
 319
 337
 356
 374
 392
 409
 429
 448
 469
 489
 508
 525
 542
 560
 320
 338
 357
 375
 393
 410
 430
 449
 470
 490
 509
 526
 543
 578
 339
 358
 376
 394
 411
 431
 450
 471
 491
 510
 527
 544
 561
 579
 597
 340
 359
 377
 395
 412
 432
 451
 472
 492
 511
 528
 545
 562
 580
 598
 616
 637
 360
 378
 396
 413
 433
 452
 473
 493
 512
 529
 546
 563
 581
 599
 617
 638
 662
 379
 397
 414
 434
 453
 474
 494
 513
 530
 547
 564
 582
 600
 618
 639
 663
 398
 415
 435
 454
 475
 495
 514
 531
 548
 565
 583
 601
 619
 640
 664
 686
 416
 436
 455
 476
 496
 515
 532
 549
 566
 584
 602
 620
 641
 665
 687
 417
 437
 456
 477
 497
 516
 533
 550
 567
 585
 603
 621
 642
 666
 688
 438
 457
 478
 498
 517
 534
 551
 568
 586
 604
 622
 643
 667
 689
 716
 770
 458
 479
 499
 518
 535
 552
 569
 587
 605
 623
 644
 668
 690
 717
 771
 800
 459
 480
 500
 519
 536
 553
 570
 588
 606
 624
 645
 669
 691
 718
 743
 772
 801
 460
 481
 501
 520
 537
 554
 571
 589
 607
 625
 646
 670
 692
 719
 744
 773
 802
 859
 461
 482
 502
 521
 538
 555
 572
 590
 608
 626
 647
 671
 693
 720
 745
 774
 803
 830
 860
 462
 522
 539
 556
 573
 591
 609
 627
 648
 672
 694
 721
 746
 775
 804
 831
 861
 540
 557
 574
 592
 610
 628
 649
 673
 695
 722
 747
 776
 805
 832
 862
 558
 575
 593
 611
 629
 650
 674
 696
 723
 748
 777
 806
 833
 863
 559
 576
 594
 612
 630
 651
 675
 697
 724
 749
 778
 807
 834
 864
 891
 577
 595
 613
 631
 652
 676
 698
 725
 750
 779
 808
 835
 865
 892
 596
 614
 632
 653
 677
 699
 726
 751
 780
 809
 836
 866
 893
 615
 633
 654
 678
 700
 727
 752
 781
 810
 837
 867
 894
 634
 655
 679
 701
 728
 753
 782
 811
 838
 868
 895
 635
 656
 680
 702
 729
 754
 783
 812
 839
 869
 896
 636
 657
 681
 703
 730
 755
 784
 813
 840
 870
 897
 920
 658
 682
 704
 731
 756
 785
 814
 841
 871
 898
 921
 659
 683
 705
 732
 757
 786
 815
 842
 872
 899
 922
 660
 684
 706
 733
 758
 787
 816
 843
 873
 900
 923
 942
 963
 661
 685
 707
 734
 759
 788
 817
 844
 874
 901
 924
 943
 964
 984
 708
 735
 760
 789
 818
 845
 875
 902
 925
 944
 965
 985
1004
 709
 736
 761
 790
 819
 846
 876
 903
 926
 945
 966
 986
1005
1024
 710
 737
 762
 791
 820
 847
 877
 904
 927
 946
 967
 987
1006
1025
 711
 738
 763
 792
 821
 848
 878
 905
 928
 947
 968
 988
1007
1026
1045
 712
 739
 764
 793
 822
 849
 879
 906
 929
 948
 969
 989
1008
1027
1046
1065
 713
 740
 765
 794
 823
 850
 880
 907
 930
 949
 970
 990
1009
1028
1047
1066
1085
 714
 741
 766
 795
 824
 851
 881
 908
 931
 950
 971
 991
1010
1029
1048
1067
1086
1105
1126
 715
 742
 767
 796
 825
 852
 882
 909
 932
 951
 972
 992
1011
1030
1049
1068
1087
1106
1127
1149
 768
 797
 826
 853
 883
 910
 933
 952
 973
 993
1012
1031
1050
1069
1088
1107
1128
1150
1173
1223
 769
 798
 827
 854
 884
 911
 934
 953
 974
 994
1013
1032
1051
1070
1089
1108
1129
1151
1174
1198
1224
 799
 828
 855
 885
 912
 935
 954
 975
 995
1014
1033
1052
1071
1090
1109
1130
1152
1175
1199
1225
 829
 856
 886
 913
 936
 955
 976
 996
1015
1034
1053
1072
1091
1110
1131
1153
1176
1200
1226
1250
1275
1300
 857
 887
 914
 937
 956
 977
 997
1016
1035
1054
1073
1092
1111
1132
1154
1177
1201
1227
1251
1276
1301
1326
 858
 888
 915
 938
 957
 978
 998
1017
1036
1055
1074
1093
1112
1133
1155
1178
1202
1228
1252
1277
1302
1327
 889
 916
 939
 958
 979
 999
1018
1037
1056
1075
1094
1113
1134
1156
1179
1203
1229
1253
1303
1328
 890
 917
 940
 959
 980
1000
1019
1038
1057
1076
1095
1114
1135
1157
1180
1204
1230
1254
1304
1329
1354
 918
 941
 960
 981
1001
1020
1039
1058
1077
1096
1115
1136
1158
1181
1205
1231
1255
1278
1305
1330
1355
 919
 961
 982
1002
1021
1040
1059
1078
1097
1116
1137
1159
1182
1206
1232
1306
1331
1356
 962
 983
1003
1022
1041
1060
1079
1098
1117
1138
1160
1183
1207
1233
1279
1332
1357
1385
1023
1042
1061
1080
1099
1118
1139
1161
1184
1208
1234
1256
1280
1358
1386
1414
1043
1062
1081
1100
1119
1140
1162
1185
1209
1235
1257
1281
1333
1359
1387
1415
1044
1063
1082
1101
1120
1141
1163
1186
1210
1236
1258
1282
1360
1388
1416
1064
1083
1102
1121
1142
1164
1187
1211
1237
1259
1283
1334
1361
1389
1417
1444
1084
1103
1122
1143
1165
1188
1212
1238
1260
1284
1307
1362
1390
1418
1445
1473
1104
1123
1144
1166
1189
1213
1239
1261
1285
1308
1335
1363
1391
1419
1446
1474
1124
1145
1167
1190
1214
1240
1262
1286
1309
1336
1364
1392
1420
1447
1475
1125
1146
1168
1191
1215
1241
1263
1287
1310
1337
1365
1393
1421
1448
1476
1147
1169
1192
1216
1242
1264
1288
1311
1338
1366
1394
1422
1449
1477
1527
1148
1170
1193
1217
1243
1265
1289
1312
1339
1367
1395
1423
1450
1478
1502
1528
1171
1194
1218
1244
1266
1290
1313
1340
1368
1396
1424
1451
1479
1529
1172
1195
1219
1245
1267
1291
1314
1341
1369
1397
1425
1452
1480
1503
1530
1196
1220
1246
1268
1292
1315
1342
1370
1398
1426
1453
1481
1504
1531
1197
1221
1247
1269
1293
1316
1343
1371
1399
1427
1454
1482
1505
1532
1558
1222
1248
1270
1294
1317
1344
1372
1400
1428
1455
1483
1506
1533
1559
1249
1271
1295
1318
1345
1373
1401
1429
1456
1484
1507
1534
1560
1272
1296
1319
1346
1374
1402
1430
1457
1485
1535
1561
1584
1273
1297
1320
1347
1375
1403
1431
1458
1486
1508
1536
1562
1585
1609
1274
1298
1321
1348
1376
1404
1432
1459
1487
1509
1537
1563
1586
1610
1299
1322
1349
1377
1405
1433
1460
1488
1510
1538
1564
1587
1611
1323
1350
1378
1406
1434
1461
1489
1511
1539
1565
1588
1612
1633
1656
1324
1351
1379
1407
1435
1462
1490
1512
1540
1566
1589
1613
1634
1657
1325
1352
1380
1408
1436
1463
1491
1513
1541
1567
1590
1614
1635
1658
1353
1381
1409
1437
1464
1492
1514
1542
1568
1591
1615
1636
1659
1382
1410
1438
1465
1493
1515
1543
1569
1592
1616
1637
1660
1684
1383
1411
1439
1466
1494
1516
1544
1570
1593
1617
1638
1661
1685
1384
1412
1440
1467
1495
1517
1545
1571
1594
1618
1639
1662
1686
1413
1441
1468
1496
1518
1546
1572
1595
1619
1640
1663
1687
1709
1442
1469
1497
1519
1547
1573
1596
1620
1641
1664
1688
1710
1732
1443
1470
1498
1520
1548
1574
1597
1621
1642
1665
1689
1711
1733
1471
1499
1521
1549
1575
1598
1622
1643
1666
1690
1712
1734
1472
1500
1522
1550
1576
1599
1623
1644
1667
1691
1713
1735
1756
1501
1523
1551
1577
1600
1624
1645
1668
1692
1714
1736
1757
1524
1552
1578
1601
1625
1646
1669
1693
1715
1737
1758
1525
1553
1579
1602
1626
1647
1670
1694
1716
1738
1526
1554
1580
1603
1627
1648
1671
1695
1717
1739
1555
1581
1604
1628
1649
1672
1696
1718
1740
1556
1582
1605
1629
1650
1673
1697
1719
1741
1759
1557
1583
1606
1630
1651
1674
1698
1720
1742
1760
1607
1631
1652
1675
1699
1721
1743
1761
1608
1632
1653
1676
1700
1722
1744
1762
1776
1654
1677
1701
1723
1745
1763
1777
1655
1678
1702
1724
1746
1764
1778
1791
1679
1703
1725
1747
1765
1779
1792
1680
1704
1726
1748
1766
1780
1793
1805
1681
1705
1727
1749
1767
1781
1794
1806
1682
1706
1728
1750
1768
1782
1795
1807
1683
1707
1729
1751
1769
1783
1796
1808
1708
1730
1752
1770
1784
1797
1809
1820
1831
1855
1731
1753
1771
1785
1798
1810
1821
1832
1856
1884
1754
1772
1786
1799
1811
1822
1833
1857
1870
1885
1755
1773
1787
1800
1812
1823
1834
1845
1858
1871
1886
1774
1788
1801
1813
1824
1835
1846
1859
1872
1887
1775
1789
1802
1814
1825
1836
1847
1860
1873
1888
1899
1790
1803
1815
1826
1837
1848
1861
1874
1889
1900
1804
1816
1827
1838
1849
1862
1875
1890
1901
1909
1817
1828
1839
1850
1863
1876
1891
1902
1910
1918
1818
1829
1840
1851
1864
1877
1892
1903
1911
1919
1819
1830
1841
1852
1865
1878
1893
1912
1920
1931
1842
1853
1866
1879
1894
1904
1913
1921
1926
1932
1843
1854
1867
1880
1895
1905
1914
1922
1927
1933
1844
1868
1881
1896
1906
1915
1923
1928
1934
1869
1882
1897
1907
1916
1924
1929
1935
1883
1898
1908
1917
1925
1930
1936
